P:\CS423\lab1\chr05_tata_subs.txt
TATAAA
3183
5784
6170
6560
6943
7160
8640
9425
10531
10983
14165
14477
14556
14618
14774
14790
15077
15529
19446
26642
30909
35624
37376
38076
39877
39933
46359
52231
53820
61231
61650
62307
62588
62992
63632
64172
65177
65373
67080
67102
67492
73389
73617
75821
76233
77946
79556
81288
86173
88063
88726
92129
92827
93497
94142
96266
96706
96845
99993
100539
100673
101473
101923
102371
102837
104691
104998
105725
106546
108403
108460
110161
117120
117537
118304
118617
121889
125197
126081
126313
127341
128726
131144
131357
133020
133096
133755
135746
137489
137686
138382
138785
138894
142478
142625
142694
142746
144626
147987
148605
148641
148688
148698
148828
150247
150988
151572
152006
152064
152141
153389
154271
154749
156509
157387
157988
160492
164134
164495
165174
173268
173661
173799
174731
175119
181963
182134
184456
185745
186895
187906
188471
189002
189463
190630
191800
191948
191959
195091
198141
199440
200932
202088
202106
202919
205691
207578
208594
213775
213975
220245
220512
222502
223296
227366
228407
228417
228826
229195
231863
234827
237509
238075
249977
250059
251300
253704
254948
255095
256049
256323
258490
258636
259140
259765
260688
262458
263937
264055
264155
264839
265094
265720
265899
267239
268116
269373
270674
271468
274547
275445
276603
279828
284334
288566
289983
290874
292027
292692
294417
294512
295256
296866
298050
298058
298818
298958
301899
303414
305932
306392
307250
308218
309145
309347
309831
312233
315028
316137
316999
317481
318805
319614
319651
322127
322582
322656
322937
324147
330223
330328
330965
333037
339313
339660
339686
342837
344598
351509
353035
353784
354113
354309
354436
356230
357256
357454
358612
364452
364900
366312
367344
367756
368666
372093
373390
375053
377649
382000
383447
384362
387827
387964
391450
392661
393422
397709
404443
406897
408352
414882
415101
415616
416536
419673
420624
420936
421915
422435
423643
424328
424595
425097
425783
425959
426973
427824
428009
429212
431444
431629
434193
434468
434678
434760
436084
437424
440155
440416
441238
441955
442595
442916
443855
444474
449464
449981
450391
452005
453205
455113
456235
457921
459537
459797
459969
460424
460460
462919
465039
468254
471867
476254
476262
476446
479154
481881
485075
486922
487495
487999
488537
488786
488805
491455
491697
492281
492486
492568
499143
499625
502215
502423
503984
505663
506902
507266
508166
508445
509845
515730
519393
520863
521595
529437
531527
531829
534343
537787
544023
544118
547068
548304
549705
549878
551603
552468
553048
553985
554358
555545
557305
558690
559327
560334
561370
561517
563205
564102
565014
565410
565526
566966
568958
569691
569833
575943
576704
