Reverse Complement
ata_reverse_subs_tataca.txt
TATACA
2366
5574
6241
9721
10778
12113
16465
16785
24949
25135
30996
35523
36087
36222
36960
38375
40974
41254
53454
54468
56405
60316
71424
71923
74933
80453
80858
81365
82358
82421
86991
87013
87400
87846
91058
92142
94005
94084
95076
95888
97792
102694
103383
106524
110894
112349
114423
114801
115575
116298
116351
117029
118485
119875
123533
128340
128938
134390
138130
139993
140072
141064
141876
143473
150165
151657
152247
160455
171517
171717
176516
176659
177179
177797
178957
182014
185459
193776
195660
199034
204274
208238
208809
209481
211611
212182
212214
214828
217798
219993
220288
226191
227251
231097
236677
239619
239637
240369
249122
255332
262395
263433
263516
265263
266882
266953
270645
272156
272957
273334
275826
276594
277834
280905
282067
282498
283384
284716
286631
289081
289966
292997
293196
293587
297150
298049
304310
304459
306902
308336
310036
311172
314274
320587
321264
322389
327365
328165
328333
342255
347811
349065
349545
349944
357006
357554
361745
362525
365809
370568
375847
376226
387319
388570
389751
389782
393051
399264
403762
406073
408598
410184
414571
414596
417157
418643
422845
433572
433631
435766
435777
437489
442607
443777
445514
445760
448704
448932
453995
467796
479263
480285
482226
484142
484729
488569
489534
489789
490996
495411
507858
508355
509513
509846
510672
511399
512089
513888
516581
517655
518494
522068
523307
525253
536952
538927
548585
549612
551313
554352
554878
561024
561315
561684
561955
563023
563548
563556
563592
569568
569662
572597
574853
574934
581604
582360
587888
588796
590290
600828
601456
606908
608184
610122
610642
612487
614374
615942
616257
616501
620366
623758
626511
628843
631540
635057
635747
641882
641985
647038
648936
650843
656658
659016
659891
660919
661341
662291
665077
668226
669154
670178
670192
672813
674324
674439
675085
681924
682204
685494
692243
693957
695552
697323
697575
699908
702332
704379
705444
707184
710694
711810
712889
713619
714238
715535
719066
719155
719204
720647
723641
723914
729656
729688
731186
732104
733144
735209
737414
737735
740249
745222
748584
749750
751155
764063
772675
773328
776012
777755
778115
778631
780368
782259
784374
788300
793139
793942
799352
800898
804466
806338
806549
807469
807511
808465
813977
818211
831402
839865
840845
843167
843230
843369
846397
847820
852570
854259
861387
863236
866708
868428
870231
873321
873896
874108
877105
880746
881332
883542
883742
884636
884996
885122
885753
890651
891340
892105
892584
892806
892878
893114
894589
895567
896798
896989
903920
907953
912830
913095
921350
931451
933188
940992
941221
944787
950386
955337
956033
957803
961156
961353
962878
965851
967757
968876
971484
974369
977248
979318
979907
979965
979995
980102
980340
981182
982723
984197
986851
993696
995688
1004841
1008018
1008105
1009934
1011969
1014796
1016856
1019392
1020210
1020980
1026162
1028230
1031932
1036007
1039394
1042817
1046160
1050414
1050424
1057136
1058283
1058367
1062465
1063031
1069985
1072808
1073049
1079106
1093295
1094978
1099770
1102114
1102428
1102827
1103228
1104115
1108656
1111627
1116193
1116203
1116537
1117862
1118262
1119902
1121196
1121325
1122094
1125016
1129204
1131523
1132621
1133181
1133226
1135970
1137606
1142722
1142867
1144446
1144881
1145471
1150791
1158999
1159193
1169276
1171389
1173854
1176251
1176387
1183979
1184423
1184667
1188585
1189289
1189797
1190886
1193143
1195502
1196719
1197486
1200356
1200833
1201737
1202046
1202857
1202896
1205571
1206629
1208693
1213807
1215978
1216909
1217283
1217444
1217495
1220955
1223615
1234396
1235090
1237509
1237998
1243972
1246915
1249706
1252214
1254523
1258636
1263994
1264327
1269375
1272663
1272724
1276471
1276561
1279206
1280084
1282996
1298589
1298743
1300548
1305925
1310529
1313892
1314046
1316658
1316684
1316692
1318920
1318927
1319083
1319955
1324219
1327703
1330264
1331881
1333742
1335348
1335653
1341970
1342529
1342581
1343482
1345153
1353812
1356829
1357011
1358331
1360113
1360549
1361285
1361415
1364280
1366050
1366586
1371638
1371791
1378005
1380938
1381663
1384957
1387469
1387593
1390577
1392341
1396019
1402550
1406114
1410771
1417470
1422071
1424713
1426799
1430745
1437510
1438682
1443575
1444264
1445162
1448205
1455051
1456267
1456568
1457609
1457763
1470559
1474767
1475033
1480252
1484216
1487079
1488637
1492899
1492913
1493556
1494461
1499654
1502204
1502264
1509989
1515360
1516683
1519290
1519300
1523186
1527796
1528834
1531471
1534519
1537234
1540882
1544851
1547367
1550939
1559506
1560583
1561366
1563829
1572197
1572714
1576374
1576668
1579903
1581656
1582956
1583542
1586350
1587319
1592487
1598817
1599076
1599760
1600307
1603545
1610802
1616213
1621177
1622480
1622530
1623375
1624362
1625123
1625186
1625269
1625296
1625699
1626471
1626901
1627014
1628130
1629665
1633888
1635001
1636707
1639522
1645508
1645594
1649635
1667385
1668415
1668857
1677321
1681736
1684231
1684406
1691705
1698409
1705254
1713116
1716117
1723619
1726351
1727251
1727877
1728317
1729564
1730268
1735892
1736831
1737987
1738057
1739107
1739612
1742424
1742649
1743846
1747691
1753311
1755105
1767544
1774183
1782541
1788172
1788213
1789707
1791094
1807455
1808195
1811431
1815025
1815649
1818769
1819067
1823266
1826941
1833797
1836404
1837900
1839383
1841388
1842314
1847830
1848995
1849454
1851053
1852591
1859906
1861919
1868306
1873498
1877194
1878162
1878751
1879862
1885598
1888016
1895580
1897351
1901301
1901839
1902852
1903291
1903813
1908981
1912773
1915789
1920688
1921377
1921858
1923359
1927121
1929108
1929378
1930440
1933009
1938038
1938227
1944596
1944604
1945043
1947820
1949746
1949858
1954555
1955091
1956229
1958578
1960547
1970006
1970861
1971974
1973266
1973682
1979040
1979295
1980485
1983059
1989203
1994273
1997745
1998804
1999853
2000681
2001241
2003736
2005775
2005949
2006153
2012198
2015922
2016853
2016859
2018520
2020643
2022218
2022558
2024617
2025715
2026014
2032102
2033349
2033457
2033822
2038656
2038885
2040310
2041292
2044477
2045502
2047655
2048361
2049291
2051257
2053207
2063827
2064419
2065902
2069321
2072318
2076634
2081242
2081342
2081538
2085140
2089462
2091965
2096068
2096463
2098304
2103006
2104355
2110436
2110800
2113381
2118756
2119782
2123154
2124274
2125466
2127299
2130757
2133673
2136612
2136817
2140767
2141435
2143728
2147518
2151509
2154032
2160016
2162209
2170474
2171305
2171313
2171329
2177376
2177982
2178599
2178697
2180191
2181668
2181706
2184467
2186541
2186957
2190316
2191485
2193245
2196329
2196527
2198350
2198954
2201046
2202705
2204102
2205239
2209228
2212108
2215827
2225132
2225443
2228244
2231982
2232347
2248494
2252960
2254374
2256629
2258246
2260107
2261847
2268897
2268914
2270620
2271587
2274350
2277681
2279235
2283953
2288233
2288461
2289622
2291179
2293384
2297649
2298134
2298687
2303564
2304253
2305787
2307247
2308249
2310562
2311173
2316075
2316175
2317896
2326237
2327479
2328288
2330641
2336747
2337364
2345230
2345253
2350823
2357021
2358763
2366407
2374261
2377936
2379314
2382370
2383097
2384159
2397383
2403034
2403872
2404704
2404763
2405262
2406594
2407301
2410354
2414711
2415377
2419683
2422974
2425132
2425779
2425960
2433854
2433983
2438595
2444174
2448042
2450062
2453487
2457946
2460477
2463020
2467550
2468464
2469030
2471390
2472095
2472815
2476030
2482844
2484747
2485637
2485678
2491079
2492225
2495371
2496485
2500812
2506928
2507714
2511648
2512441
2512754
2516362
2519983
2521240
2525626
2527771
2533893
2535297
2535330
2537702
2538134
2539931
2544873
2545816
2549377
2558230
2559076
2563158
2564352
2564835
2565112
2567557
2569690
2574791
2577189
2578221
2579418
2582042
2582462
2585881
2587688
2592663
2594041
2595591
2598931
2598981
2603277
2605598
2606827
2608820
2612145
2613800
2613876
2615625
2616910
2617002
2618720
2621655
2624250
2627411
2627429
2630294
2631217
2638450
2641193
2643920
2644217
2652016
2652276
2653857
2653919
2660643
2662136
2663171
2665334
2666548
2669893
2670787
2676685
2677930
2683056
2683187
2689129
2697216
2701070
2701184
2703994
2704821
2714634
2715790
2715940
2718901
2719439
2721785
2722184
2722444
2723648
2723727
2724719
2725531
2728694
2732125
2732152
2733062
2734250
2736426
2739342
2739587
2739772
2744871
2749463
2749637
2757416
2758119
2759216
2760228
2760984
2766538
2788137
2790419
2792133
2793029
2794868
2794925
2795489
2802553
2804287
2804973
2807712
2809273
2809407
2813003
2815422
2816409
2820318
2824991
2826753
2830091
2830572
2842861
2851323
2852126
2854198
2865014
2865133
2868653
2874252
2875457
2875936
2877788
2880366
2880583
2882612
2886494
2887155
2888946
2889930
2891312
2896439
2899729
2903440
2905208
2905742
2905849
2909057
2910902
2912230
2912451
2913458
2916044
2932834
2933464
2934661
2934854
2936910
2938627
2939094
2939975
2940152
2940172
2944092
2945359
2946550
2946572
2947748
2948504
2949754
2950387
2952466
2952560
2953386
2953475
2957248
2958024
2958109
2965550
2966540
2967046
2968783
2969123
2969294
2971291
2972459
2974541
2975297
2978077
2979994
2980888
2984843
2985181
2989253
3000954
3002094
3005629
3008189
3010174
3010373
3011341
3015877
3016231
3016857
3023005
3024319
3025530
3026555
3031637
3032526
3035993
3038917
3041334
3047944
3048766
3048989
3057846
3063287
3067120
3067306
3069545
3070197
3076595
3078109
3078307
3078682
3088442
3089161
3096546
3097242
3098711
3098820
3099054
3101046
3106588
3107481
3107487
3110772
3111887
3115896
3123425
3124751
3125046
3125942
3128784
3129176
3131516
3135786
3144435
3147210
3150248
3151434
3161082
3161380
3164106
3164634
3164754
3164907
3166206
3168111
3169613
3170551
3173700
3184594
3186421
3186791
3189071
3193488
3195161
3199296
3199770
3200620
3202678
3207133
3207166
3210117
3213394
3214134
3216232
3217571
3220311
3221277
3225186
3226269
3226356
3230500
3230671
3230803
3231858
3234357
3244114
3244790
3246713
3253681
3261857
3265036
3267549
3272638
3272646
3273589
3275431
3281286
3287846
3292428
3293777
3297915
3302243
3305305
3305673
3306796
3312767
3318124
3323579
3329282
3329442
3335463
3340142
3340364
3341878
3344188
3346849
3353619
3354102
3354378
3362720
3363253
3365645
3368675
3369116
3370122
3371985
3372064
3373056
3373868
3376147
3385083
3386046
3386219
3386479
3387683
3387762
3389566
3392955
3393037
3396222
3397383
3397628
3398574
3401086
3401659
3408679
3410795
3421895
3424536
3428763
3433042
3439403
3447654
3448977
3449118
3453082
3461311
3461393
3467703
3472145
3474361
3477576
3479925
3483168
3484862
3490492
3495739
3498981
3502034
3504834
3508863
3513616
3518267
3518515
3521329
3523581
3531021
3533593
3535877
3538729
3544074
3544176
3544337
3545389
3545924
3550822
3551511
3558096
3562989
3563678
3565751
3567129
3567180
3572716
3573074
3578877
3582698
3582777
3583295
3584854
3585909
3597346
3601735
3606449
3607639
3607735
3608888
3610935
3612777
3617205
3619490
3623082
3624122
3628474
3632703
3633499
3634306
3636201
3637893
3637962
3638014
3639582
3647869
3649784
3657264
3660361
3667647
3674039
3677969
3678940
3678982
3679179
3688141
3690561
3692687
3693123
3697100
3699343
3700841
3701509
3703210
3710345
3725051
3725682
3726126
3727368
3733301
3733438
3733468
3734319
3735194
3736538
3736620
3740937
3741922
3744654
3750288
3756951
3761131
3762898
3766561
3771128
3772555
3775323
3779716
3783657
3786974
3789309
3790872
3795606
3797586
3798010
3803375
3808320
3809801
3816732
3819277
3824414
3825790
3826112
3833338
3835752
3841189
3843488
3844069
3845528
3847145
3849006
3850896
3853872
3859337
3863527
3873014
3885953
3888990
3889472
3891184
3892485
3893510
3893999
3895346
3897679
3901686
3903011
3905567
3906842
3908397
3911214
3911337
3920977
3922840
3925441
3927186
3927421
3942427
3946677
3946750
3959148
3960401
3964723
3964735
3965758
3966860
3968809
3971534
3972457
3978811
3986261
3986345
3988740
3988748
3991726
3992694
3992773
3996842
3996848
3996880
3998329
3999037
3999322
4000641
4002954
4004894
4006012
4008310
4024335
4024527
4025089
4036498
4036512
4043472
4045249
4066000
4068200
4074068
4079592
4082020
4082039
4086964
4088732
4092379
4097538
4103415
4103844
4105560
4106648
4108269
4109211
4111619
4114219
4115070
4119419
4121130
4121173
4123738
4123792
4124076
4124159
4124869
4130109
4132245
4135438
4138097
4138205
4138695
4139788
4145387
4146539
4148199
4149842
4149873
4149955
4159734
4160545
4160966
4164872
4166437
4166674
4168511
4169476
4169609
4174506
4175195
4181342
4186309
4193465
4200340
4201137
4202442
4205540
4209334
4220482
4221085
4221565
4222128
4226082
4226402
4227290
4232185
4232874
4233511
4237648
4238609
4238674
4239500
4241089
4241923
4245289
4247195
4247254
4254443
4258428
4259717
4266984
4272577
4272757
4273598
4275804
4278535
4278542
4280513
4285540
4286400
4286448
4294708
4296843
4298105
4301864
4304228
4309450
4312254
4314628
4315821
4316376
4317809
4318606
4323371
4324497
4325415
4328007
4330031
4333335
4345019
4346882
4346961
4347953
4348765
4358857
4359492
4366021
4367994
4368629
4375213
4378665
4379538
4383353
4384095
4384707
4385964
4389091
4392554
4393288
4393771
4395047
4396623
4406606
4408915
4410134
4413175
4414351
4415685
4423720
4425622
4426040
4426692
4430794
4430978
4433065
4433137
4435597
4439031
4439570
4441480
4441622
4443232
4445614
4445711
4449011
4453261
4454821
4455080
4456609
4458193
4458392
4464255
4464393
4464474
4464657
4467567
4469789
4472590
4473481
4479297
4480263
4481478
4483374
4483392
4483410
4484700
4485326
4486000
4486076
4486621
4486650
4486669
4488216
4502768
4504138
4504146
4504671
4505107
4507240
4508423
4510354
4510823
4511358
4511969
4512441
4518657
4519615
4525951
4526430
4526696
4527530
4527728
4528821
4529157
4531450
4531832
4532383
4532474
4540591
4541928
4542514
4544365
4544617
4548757
4548796
4550053
4551003
4552648
4554040
4554740
4556681
4557684
4559427
4559971
4562298
4565497
4572749
4580716
4581818
4585191
4588608
4595133
4595459
4597461
4598338
4601033
4603691
4603701
4605031
4605912
4607775
4607854
4609658
4611712
4611836
4623057
4624400
4626321
4627184
4627803
4631048
4634747
4635502
4636471
4646632
4649117
4655518
4655580
4657261
4657619
4659072
4661133
4666352
4666692
4668108
4668225
4670683
4672903
4673271
4674828
4683210
4687787
4689898
4693675
4697271
4698819
4710527
4716796
4725838
4726299
4728784
4728798
4731004
4739390
4745429
4746142
4749603
4751395
4751933
4755724
4759372
4763591
4767590
4769701
4770286
4771271
4772341
4775265
4783560
4786561
4792881
4797175
4802993
4803371
4806102
4806426
4806762
4810053
4810310
4810319
4814356
4814585
4817170
4822705
4827106
4829009
4831956
4832541
4834431
4839667
4843976
4852652
4854073
4854408
4854621
4854743
4859952
4860110
4863269
4867532
4875140
4875401
4875415
4879163
4881928
4884148
4886323
4887256
4889105
4893815
4895299
4896734
4901017
4905798
4909944
4910147
4910904
4912340
4913217
4917096
4918560
4919699
4922831
4924195
4927842
4936333
4936728
4940324
4941701
4941748
4946440
4947371
4947988
4950485
4952188
4953373
4957784
4959061
4961399
4961602
4967761
4967771
4967801
4969005
4969102
4976112
4978136
4979104
4980628
4984451
4989032
4993167
4993220
4994618
4995971
4998530
5016917
5017589
5019668
5019848
5021568
5027874
5027881
5029262
5031772
5032906
5041096
5044773
5046366
5047051
5053608
5054147
5056808
5058152
5059123
5061251
5066082
5066103
5068168
5068778
5071332
5071361
5071852
5085733
5086397
5086535
5087942
5090450
5095762
5099426
5100640
5102500
5102900
5113218
5114496
5117769
5117849
5118061
5120528
5128332
5130104
5130810
5133048
5137835
5141071
5142010
5142693
5144141
5147308
5150542
5157749
5159410
5170070
5171695
5172448
5175481
5177249
5179938
5183548
5184332
5188893
5191048
5199526
5200342
5201900
5202014
5203402
5206904
5209682
5209701
5212129
5214904
5216474
5223095
5229269
5235010
5236247
5239076
5248176
5250668
5253219
5257121
5258543
5262449
5264162
5267153
5268438
5268811
5271501
5272489
5274899
5275650
5282082
5284695
5285037
5285729
5287455
5292831
5295141
5297517
5309010
5312097
5313164
5313267
5313297
5314508
5320552
5323647
5323672
5326936
5329634
5334197
5338687
5338699
5339260
5344353
5346785
5349086
5351162
5355559
5356589
5356639
5358415
5359518
5359954
5361458
5361586
5365667
5368267
5372372
5376776
5385856
5394333
5394920
5398625
5401115
5401349
5403073
5405237
5409048
5410788
5413900
5416928
5417112
5419158
5422344
5424564
5424911
5426380
5437025
5443725
5443759
5446167
5446277
5448314
5450448
5456629
5458784
5459864
5462048
5470640
5473286
5479499
5479565
5482743
5484024
5489676
5492087
5492313
5493497
5493830
5500816
5503964
5507712
5507955
5510034
5513824
5518555
5518944
5522622
5526363
5526388
5528037
5530265
5531504
5534357
5535651
5540568
5544711
5545100
5546158
5555896
5561081
5562325
5564837
5565802
5570564
5572394
5573895
5574865
5578043
5580249
5580692
5582264
5582359
5588357
5591554
5591603
5596728
5599443
5600675
5600847
5601698
5602328
5602393
5603287
5605564
5608532
5618296
5624407
5625068
5625474
5628502
5628976
5631453
5639832
5643682
5644220
5647851
5653072
5654119
5658100
5661653
5668963
5671599
5675191
5680381
5680774
5680788
5680883
5683994
5693506
5694780
5696796
5697464
5706466
5712279
5712383
5713648
5718783
5718970
5718979
5724505
5727049
5728060
5729149
5732128
5736064
5737794
5737800
5742190
5743673
5745476
5747391
5747674
5748821
5749222
5752731
5754588
5759487
5760176
5765071
5765760
5768305
5777964
5778573
5782882
5784880
5784998
5786495
5792989
5797527
5801710
5802185
5802349
5803257
5806024
5806631
5807062
5814286
5815640
5816118
5818702
5819736
5821279
5821820
5821935
5822075
5822185
5831148
5831172
5831416
5839195
5839674
5840162
5840431
5840896
5841962
5844603
5852128
5852300
5859822
5861093
5861249
5861947
5864251
5864320
5874171
5874751
5875317
5879355
5882487
5886466
5889786
5891131
5892159
5893789
5895488
5900957
5904357
5907092
5911772
5913714
5916111
5917444
5918051
5918683
5918878
5921408
5921851
5929396
5931892
5933982
5935275
5938952
5945099
5948769
5956279
5957409
5957759
5959653
5963716
5965869
5976259
5977444
5981448
5981473
5981498
5983756
5984266
5991659
5994032
5998321
5999499
6002115
6004637
6007603
6007690
6013639
6018469
6022232
6028823
6034161
6034860
6040715
6041302
6044719
6044896
6045293
6046659
6048195
6048220
6050625
6051539
6060501
6064998
6067356
6067542
6069013
6070270
6076866
6078965
6080311
6080887
6082307
6083558
6085330
6085510
6086850
6089506
6089681
6091586
6091620
6091643
6093601
6096846
6097176
6098705
6101446
6109432
6109454
6116415
6116527
6119494
6119552
6125041
6125962
6126765
6127973
6129419
6129747
6131525
6132288
6136310
6142348
6150875
6151237
6153760
6154034
6154124
6154562
6155279
6156443
6162877
6163584
6164207
6168554
6170792
6178692
6178748
6179406
6182124
6184100
6185070
6185505
6187590
6192870
6196820
6200634
6204994
6206478
6215663
6217000
6220737
6221668
6221674
6222763
6224997
6225449
6226133
6226910
6230795
6231027
6234672
6239469
6241721
6247947
6249763
6257329
6257337
6258432
6258698
6258792
6259962
6266438
6269532
6273483
6278723
6294826
6296876
6300410
6300814
6306234
6313696
6313755
6318174
6318558
6320908
6322817
6324015
6326327
6336027
6336679
6340861
6341844
6352878
6353200
6356154
6363986
6368765
6369774
6374216
6374663
6376622
6377816
6378749
6389339
6390792
6392761
6394695
6398388
6398413
6404595
6407301
6409879
6409905
6418832
6419705
6422344
6423302
6430512
6430868
6434332
6435780
6439636
6440303
6440635
6440740
6441188
6441445
6441916
6441969
6442595
6445244
6446757
6447028
6454808
6455552
6460684
6461836
6461858
6462170
6462698
6465978
6466037
6468248
6468697
6471877
6476168
6476227
6477252
6477821
6481089
6481176
6483412
6490139
6493844
6500794
6500806
6500918
6505223
6505880
6510407
6510844
6511973
6512353
6516170
6517642
6517776
6523066
6526792
6536289
6537335
6538273
6538767
6540889
6541418
6541480
6541863
6545108
6545145
6550272
6560500
6561303
6565046
6566120
6569907
6570681
6576107
6578133
6578827
6579989
6585373
6585439
6590963
6592367
6600974
6601990
6603573
6604122
6604254
6608577
6608725
6610306
6618336
6619289
6619438
6620965
6624357
6627998
6630281
6630373
6630747
6631427
6637037
6642241
6647009
6647085
6647962
6650778
6656896
6660605
6661536
6661542
6662631
6664865
6665317
6666001
6666778
6670663
6670895
6674540
6680787
6683948
6684738
6691924
6693901
6693980
6695784
6699796
6707146
6709786
6709827
6711196
6721028
6736543
6736549
6736555
6736591
6738991
6739394
6739666
6746219
6754170
6755295
6758799
6760853
6764109
6778006
6785338
6785386
6787350
6790492
6794679
6798237
6798824
6802246
6805942
6807060
6807735
6808151
6809261
6813833
6815853
6816149
6817401
6819164
6822154
6826373
6827697
6828074
6830788
6838037
6846556
6848569
6852458
6853278
6853288
6854236
6856402
6863622
6865598
6865856
6866462
6868859
6870766
6871679
6872445
6875712
6876061
6881475
6882194
6884690
6886533
6888454
6891081
6891562
6892655
6892689
6898607
6898627
6899952
6906513
6906522
6908841
6910831
6910875
6916469
6916477
6918331
6925136
6926074
6926796
6928897
6950056
6950257
6950436
6955402
6959021
6959618
6959657
6960669
6961197
6967266
6967421
6970434
6972708
6974088
6976351
6978872
6987207
6991591
6995257
6995271
6999066
6999569
7000824
7001222
7002569
7008908
7011819
7013479
7013718
7015265
7015469
7016931
7016955
7017288
7017415
7019159
7019622
7020401
7022732
7022939
7023632
7024967
7026965
7028853
7028878
7030178
7033643
7033666
7034586
7034593
7036373
7036721
7039256
7040174
7042239
7042645
7045778
7047359
7053252
7056007
7056166
7058995
7063867
7068961
7070197
7071652
7072142
7077950
7079356
7081882
7083419
7087236
7089583
7090461
7093678
7094851
7099087
7099672
7107001
7108402
7113390
7114302
7117262
7118172
7122052
7124606
7125430
7134017
7142043
7142064
7142360
7145862
7149321
7155173
7156971
7163099
7171547
7172122
7180498
7180944
7187902
7195167
7197414
7201062
7202416
7206467
7217359
7219363
7223535
7225013
7226100
7226405
7226953
7230227
7232190
7234605
7235586
7235821
7237622
7243179
7248482
7250685
7251101
7252129
7253332
7258003
7258508
7259662
7262116
7264737
7266259
7267894
7274468
7279205
7285355
7290622
7291410
7296114
7300264
7300919
7305626
7306930
7307013
7313945
7320739
7326147
7328335
7328349
7328487
7332072
7336910
7339722
7340996
7345569
7350350
7352137
7352147
7353926
7358836
7361171
7369507
7369777
7373100
7373843
7374932
7377235
7377924
7378809
7380155
7380882
7381949
7382592
7382780
7384125
7391726
7397919
7399927
7401913
7407400
7409217
7415020
7418597
7421821
7423038
7429673
7431799
7432199
7433576
7433710
7435906
7438264
7439408
7439875
7444200
7445863
7446850
7449553
7449805
7452496
7455666
7456666
7457846
7467725
7468024
7468632
7468688
7472029
7472185
7473120
7473224
7477898
7478194
7479371
7485298
7485468
7487133
7487277
7489099
7489624
7491834
7495173
7496002
7497378
7501692
7504569
7504579
7509196
7511059
7511138
7512130
7512942
7520627
7521737
7523501
7523604
7527356
7533444
7535941
7536594
7543917
7546746
7547773
7547781
7557122
7565910
7566048
7570039
7574285
7576466
7577525
7580364
7582661
7584044
7586343
7587841
7590127
7593777
7595332
7596461
7597785
7601342
7603176
7604009
7616672
7619932
7620382
7623484
7625735
7630012
7630595
7634318
7634479
7636352
7640848
7650619
7654486
7656325
7657023
7659919
7665768
7670277
7678843
7682950
7685681
7687023
7687088
7687230
7687465
7693652
7694259
7695467
7695644
7698926
7699250
7700524
7700941
7707061
7708195
7709569
7715992
7720162
7725156
7725787
7728570
7732122
7732840
7735802
7736899
7737689
7738277
7739385
7750426
7751104
7752812
7758116
7759733
7761595
7763156
7763591
7764745
7766608
7766687
7767679
7768491
7770128
7772482
7772498
7773378
7774366
7775138
7778519
7783891
7784144
7784914
7786559
7787484
7787605
7788499
7789113
7790260
7795159
7795848
7796403
7803328
7803895
7805005
7805228
7806772
7807441
7808220
7809757
7810933
7817527
7823453
7831393
7833656
7834905
7836584
7837462
7840125
7846608
7847861
7849105
7852699
7856389
7857553
7859550
7860493
7860952
7862004
7867924
7870474
7873914
7874065
7874762
7880774
7881743
7886601
7888109
7891319
7894904
7897241
7903811
7910677
7912533
7914760
7918776
7921909
7922663
7925115
7926187
7931521
7935882
7936004
7937004
7938090
7943120
7946799
7948357
7951045
7951596
7955166
7956048
7959789
7968604
7968908
7971742
7974333
7974792
7976424
7977923
7982505
7985524
7988816
7997601
7998803
8000823
8005478
8012803
8012991
8013321
8013658
8017533
8017580
8018851
8020777
8030396
8036148
8038155
8040168
8044271
8045907
8047753
8048771
8049255
8051118
8051151
8055781
8057181
8059551
8061532
8061550
8061581
8061912
8062038
8062723
8064172
8066871
8068974
8072068
8074625
8074915
8078812
8082280
8082788
8091440
8092160
8098005
8098824
8101679
8104297
8104315
8107721
8109919
8116331
8120814
8132683
8132739
8144433
8144547
8146701
8147463
8147565
8147760
8151318
8154084
8154146
8158099
8160516
8160695
8160776
8165241
8167445
8168241
8171697
8174246
8175249
8175346
8175758
8175768
8177917
8178750
8184224
8186466
8190529
8190539
8191114
8196417
8204012
8207561
8209344
8211882
8212832
8216431
8216676
8219758
8220795
8221268
8221718
8233259
8240147
8244084
8246494
8247014
8252075
8252842
8252878
8257154
8258174
8262749
8264486
8267607
8270275
8272054
8278625
8286499
8289076
8290713
8293649
8294351
8295514
8296471
8297143
8299091
8300973
8306376
8313394
8314254
8316847
8318337
8321577
8323710
8327615
8331255
8334192
8335843
8336070
8336376
8337735
8339483
8340019
8342502
8345317
8348705
8351915
8354670
8355280
8356569
8358784
8359185
8361448
8362954
8364737
8364761
8368893
8370061
8375443
8377196
8377228
8377854
8377913
8390924
8392870
8394101
8394242
8394966
8395413
8402946
8402970
8408482
8409009
8409686
8419025
8424732
8431004
8435304
8435489
8440164
8441654
8444221
8447482
8449482
8449675
8452272
8453556
8464124
8465643
8466177
8471404
8471755
8472560
8477720
8484200
8486103
8490101
8491503
8492283
8492591
8498405
8498826
8501191
8501882
8502860
8503795
8504453
8506947
8506976
8510378
8514003
8515108
8516140
8520986
8521086
8527316
8527437
8536889
8544126
8544144
8544150
8546742
8554978
8558530
8559442
8561716
8562242
8565293
8565755
8567209
8573088
8577108
8578787
8583542
8586402
8589523
8589658
8593257
8596654
8596885
8599411
8604273
8609212
8613526
8614979
8615696
8617701
8619541
8619804
8621774
8627198
8629378
8630717
8631833
8632378
8634967
8637294
8637735
8639150
8640507
8641937
8642138
8644386
8648169
8649455
8651934
8652034
8652466
8656371
8657182
8657888
8658493
8661398
8663237
8664441
8669040
8670456
8671062
8672152
8675832
8677626
8679876
8681114
8682977
8683056
8684860
8686822
8688145
8690028
8694233
8694658
8694946
8695859
8700021
8701152
8702580
8707034
8707407
8716010
8718443
8718451
8719104
8721188
8727382
8727608
8730213
8732076
8732155
8733147
8733959
8738484
8740417
8747456
8747487
8755995
8763799
8764711
8766939
8767505
8770036
8772043
8772286
8774536
8777730
8777971
8782525
8787886
8792064
8795453
8809942
8811283
8811307
8816995
8824119
8825523
8828273
8830117
8831078
8831101
8837323
8839216
8839357
8842982
8846560
8846568
8850210
8853484
8856320
8857004
8859137
8862127
8865254
8866519
8867562
8869553
8873075
8874647
8876367
8880889
8885217
8887784
8896455
8897251
8902221
8903213
8903730
8904693
8906758
8912547
8915330
8916281
8916392
8916987
8917070
8917151
8919476
8919842
8920221
8921812
8924563
8925003
8925183
8927599
8929118
8929134
8929215
8937469
8937503
8939417
8939489
8940351
8942281
8943865
8946462
8946512
8950472
8951809
8953091
8953131
8953171
8959046
8964924
8969905
8971853
8986251
8987016
8989496
8992022
8993475
8996302
8998604
8999892
9002111
9002647
9003778
9005212
9005222
9006323
9007729
9009688
9010999
9016398
9017199
9018405
9019680
9020830
9023033
9024988
9030620
9031420
9033256
9035217
9036079
9038561
9038653
9040413
9041255
9041655
9041890
9042778
9044381
9045876
9046300
9048374
9054087
9055927
9055962
9058851
9058915
9059038
9061900
9062405
9070445
9070493
9073171
9073953
9077423
9077444
9086071
9087335
9095990
9097743
9098841
9099896
9100535
9102535
9103537
9105521
9108633
9111794
9116210
9116778
9119682
9121089
9121591
9123146
9123619
9125673
9133956
9139768
9140309
9147645
9150112
9150416
9151663
9151827
9152564
9154187
9157717
9163844
9165096
9166458
9167025
9167614
9170657
9171704
9172518
9175470
9181018
9185363
9185944
9186114
9187101
9187681
9192088
9194091
9195115
9195820
9202889
9208388
9209739
9219417
9224673
9229854
9236000
9236015
9243001
9244192
9247638
9248959
9250202
9252894
9253214
9256347
9257988
9263762
9265315
9268723
9270109
9274095
9276154
9277494
9277980
9281256
9282522
9283669
9284275
9286119
9292812
9294329
9294411
9294433
9296463
9298890
9299688
9301041
9306594
9308167
9317573
9322316
9324101
9325324
9328325
9328627
9330408
9334084
9338159
9338467
9339972
9342822
9351508
9354017
9357632
9357641
9358451
9361908
9364604
9367183
9371306
9372594
9373468
9376977
9377908
9382722
9383456
9384828
9386684
9389062
9391148
9392800
9404563
9414098
9417068
9417496
9421567
9422156
9427410
9427839
9428297
9429546
9432311
9435087
9435339
9436335
9438631
9439173
9440008
9450103
9451106
9456220
9459935
9460097
9460840
9460883
9464893
9470900
9471970
9472207
9475913
9477539
9481583
9486254
9486282
9486666
9489811
9491020
9492022
9498056
9498271
9503166
9503855
9509792
9510324
9511148
9513055
9513148
9514328
9515074
9518379
9521380
9526523
9529645
9535990
9538349
9540593
9549311
9552176
9556724
9558972
9559522
9559586
9568100
9571024
9578773
9581049
9584507
9585538
9597612
9599560
9602571
9604773
9609195
9614094
9614783
9617346
9619250
9621864
9626351
9641244
9642407
9646247
9647460
9651283
9653112
9654289
9656805
9657467
9660323
9661422
9665068
9670074
9672509
9672580
9673384
9675270
9683247
9685803
9685882
9687691
9689091
9692371
9695948
9696558
9697141
9699444
9699543
9700922
9703165
9704331
9705308
9708077
9708466
9715015
9715776
9716049
9718806
9720669
9720748
9721740
9722552
9723822
9729449
9730739
9733345
9735312
9736481
9736658
9743658
9746124
9753025
9755976
9761101
9773112
9775403
9775636
9786560
9786598
9788912
9794455
9800886
9808892
9808937
9810795
9811243
9811406
9811447
9824856
9827227
9829090
9829169
9830161
9830973
9839420
9839444
9842894
9852164
9858154
9858233
9858408
9862984
9872636
9874493
9876670
9880269
9880276
9887884
9889982
9890323
9892466
9897773
9897783
9899052
9902598
9904023
9907652
9908170
9908224
9916332
9918747
9920722
9922016
9922031
9924117
9925430
9930224
9930563
9933385
9935214
9940814
9942777
9942801
9944162
9945329
9946276
9957578
9958296
9961327
9964094
9965645
9969213
9979229
9979931
9979950
9986439
9987148
9993663
9994390
9997772
9999674
10001458
10002443
10006343
10007669
10008648
10010224
10010556
10012330
10012679
10012968
10019635
10020267
10028850
10029243
10030357
10030367
10032660
10032915
10034265
10042951
10047113
10047317
10055287
10056047
10058903
10059158
10060028
10061891
10061970
10062962
10063774
10069425
10069454
10074665
10075575
10077487
10080203
10087528
10088758
10090859
10095113
10096603
10097520
10098346
10098790
10101674
10107335
10107396
10108115
10115640
10123923
10125741
10125914
10130321
10130330
10135791
10140497
10141664
10145341
10147380
10149452
10151836
10152499
10152505
10153108
10157759
10162573
10165902
10169091
10169737
10169910
10172045
10183578
10187171
10189090
10192111
10193728
10195589
10198120
10203101
10206120
10208866
10209170
10209187
10211336
10214977
10216095
10216138
10217977
10218287
10218439
10225583
10233184
10233714
10235403
10240197
10241292
10245246
10255150
10265893
10268009
10269982
10269988
10273250
10273442
10274278
10275137
10275781
10276749
10277090
10281972
10283640
10286467
10287816
10290445
10295768
10297639
10299042
10301380
10305628
10309155
10310466
10311670
10313330
10317866
10328646
10332859
10337048
10338224
10342439
10343765
10344878
10349412
10352860
10353988
10366239
10366764
10370011
10380776
10385178
10386823
10387761
10390038
10393455
10396149
10398358
10398488
10398781
10398866
10399001
10399627
10401329
10402068
10405836
10407243
10408054
10416512
10418449
10418565
10425778
10430574
10431702
10438903
10441237
10444265
10451403
10459796
10463828
10464598
10469351
10469579
10471375
10471849
10472143
10475673
10477001
10480238
10483437
10483962
10486369
10487009
10489159
10489708
10491161
10492898
10493637
10493645
10493729
10503272
10508153
10512060
10512902
10516372
10519096
10523391
10527742
10530528
10533494
10536018
10540979
10541594
10541602
10547396
10551444
10554638
10566506
10569042
10569628
10569662
10579973
10580048
10587074
10587643
10590839
10593916
10609767
10609974
10610383
10612719
10617544
10618399
10622742
10627794
10631673
10648067
10656661
10659913
10661892
10662931
10664866
10669123
10671249
10672005
10678820
10683135
10688928
10689102
10689822
10695040
10695302
10699543
10702828
10704771
10705288
10706492
10707279
10709083
10710066
10711560
10711750
10712132
10712236
10712254
10717175
10718781
10723105
10724017
10728104
10731741
10733669
10735300
10735790
10736371
10737755
10737918
10740511
10740675
10740861
10740932
10745493
10749759
10753874
10756498
10760200
10760514
10762547
10762923
10763057
10764026
10764325
10765955
10771687
10772426
10773189
10778197
10778251
10779453
10779463
10783326
10785079
10785802
10794465
10799534
10799645
10799726
10801941
10802606
10802629
10803148
10807103
10807623
10807780
10807811
10810866
10816776
10816838
10822354
10823849
10824466
10826297
10828479
10829691
10833163
10835445
10837145
10848538
10857960
10860760
10867805
10868173
10869182
10871467
10874907
10875651
10876562
10876950
10877692
10879569
10880124
10884618
10894296
10895850
10898690
10900648
10901518
10907221
10908189
10908214
10911444
10912092
10915825
10919094
10921284
10921563
10921839
10922857
10923127
10926197
10932041
10942679
10942761
10942937
10944464
10944852
10945086
10948317
10952104
10953424
10954989
10961548
10963859
10965173
10966227
10966660
10974997
10975010
10977856
10979239
10980460
10985523
10989617
10989625
10993230
10993380
10993425
10994575
10996266
10997110
10999683
11001952
11002606
11002906
11005146
11010493
11011107
11011367
11013285
11013453
11015637
11018186
11020674
11023859
11025302
11026489
11028145
11028475
11030668
11031086
11032118
11033321
11038220
11040559
11054270
11054688
11055407
11062738
11064272
11071066
11082016
11083663
11085899
11086978
11091042
11092631
11095547
11095823
11097877
11100981
11111303
11117012
11117525
11117532
11117552
11119764
11122006
11138380
11138570
11139208
11141698
11149404
11152012
11155168
11155181
11155269
11156701
11161122
11163515
11164727
11174168
11178590
11182814
11183760
11184142
11187407
11187454
11189353
11189908
11190262
11195797
11196679
11198315
11202716
11203255
11213399
11215121
11215193
11216199
11216547
11217901
11221781
11223471
11228462
11228534
11228714
11230078
11230750
11231050
11231921
11233136
11235082
11237170
11240193
11243519
11247431
11248003
11249992
11254107
11255846
11258756
11258911
11259514
11261573
11262513
11264122
11266781
11270636
11272798
11272868
11272974
11278891
11279938
11287828
11291899
11294879
11305034
11307267
11308107
11309417
11316316
11327867
11333911
11336139
11336289
11336308
11339748
11348720
11351664
11353638
11354079
11356766
11357074
11359319
11359769
11361264
11363525
11385881
11388514
11391879
11392729
11397006
11399171
11403182
11415762
11415972
11417681
11421467
11426458
11433072
11443683
11447150
11449898
11452882
11461583
11465074
11471184
11473048
11479966
11483782
11484389
11485607
11486006
11486928
11493876
11496077
11499189
11500945
11501050
11505712
11510010
11512196
11512516
11513703
11516241
11517795
11518198
11519343
11530081
11531802
11531842
11533271
11537295
11537701
11539218
11544695
11547978
11553469
11554579
11559265
11564927
11567232
11569724
11570006
11573955
11574270
11574615
11575077
11575186
11580082
11580771
11581945
11583775
11585686
11586406
11588397
11589969
11591822
11592030
11592047
11593339
11598525
11603574
11603582
11605465
11613723
11618284
11619305
11619314
11619605
11620586
11624224
11626262
11628475
11634170
11634625
11634674
11641607
11643607
11643951
11644512
11644718
11646638
11647055
11647406
11648139
11649261
11653658
11655329
11655715
11656485
11663734
11663990
11665773
11665806
11665976
11669112
11669480
11669486
11675639
11676196
11679138
11679154
11683739
11686890
11687111
11689175
11689553
11690344
11693611
11693693
11693701
11698013
11698325
11698534
11701516
11704143
11706525
11717047
11719590
11721261
11723193
11725126
11728308
11730689
11735659
11738558
11739173
11739180
11740264
11740455
11744050
11746272
11748008
11750189
11752310
11753356
11758499
11760803
11761516
11766409
11767617
11776685
11790630
11791161
11792413
11794139
11800246
11804950
11811993
11818978
11820496
11822486
11823584
11827669
11830037
11831151
11834157
11834393
11836828
11841296
11843774
11850290
11857640
11860280
11860321
11861689
11870331
11887418
11889954
11893026
11900449
11905286
11907150
11907229
11908221
11909033
11911005
11915833
11918766
11921688
11926406
11927418
11931410
11931706
11936666
11941415
11946709
11947025
11951137
11951143
11951252
11952303
11952325
11957236
11959182
11963359
11968786
11969316
11974186
11976316
11981429
11981965
11983005
11984209
11984626
11985405
11987354
11991312
11995835
11996526
12002108
12005271
12007461
12012290
12018996
12021688
12029287
12031731
12032743
12033532
12037547
12042003
12042417
12049316
12049749
12054216
12055434
12060385
12060423
12061674
12062923
12064975
12065718
12067244
12070172
12070407
