Reverse Complement
ata_reverse_subs_tatata.txt
TATATA
5348
6134
6948
7827
8952
9965
9998
10584
11829
12339
13532
14967
16772
16836
21739
27375
27530
28817
31533
36085
38420
38428
41321
41333
44457
44798
45454
45624
46031
46134
50830
51055
55920
57028
61109
64302
64312
64325
64414
67074
67153
67214
67461
67468
70009
70750
71025
71235
71422
71803
71809
71815
72907
79520
83914
83970
84821
85397
86508
88081
91302
91309
96355
98803
107492
107870
107950
112834
113596
114127
115601
116349
116363
121299
122582
123032
123531
125011
125581
128336
128603
129994
131193
132413
134948
135278
135285
142343
143908
144017
145045
146029
149127
150163
150246
150805
153485
156914
158126
159240
160453
162819
163694
166074
166631
166699
167084
167736
173186
173390
173917
174289
174299
174338
178526
178533
179901
180509
180525
183390
187826
190806
192897
193774
195906
198862
200962
201695
202480
203541
203663
205869
206675
208079
212212
212973
214709
214719
216873
217794
217839
219134
219366
226062
227073
232080
236686
236692
237247
238751
239615
239633
246006
252401
253010
255914
256254
256302
258638
258782
259964
260130
260260
261570
261643
263522
264375
265212
265261
267006
267035
269834
270384
272131
273257
273280
276549
277456
277832
280903
282350
282542
282863
282997
283259
289079
290192
290694
291197
292995
293174
293967
300843
301720
302263
306040
306058
306890
307771
308810
316769
319591
320260
320585
320601
323760
326238
326275
328364
328733
328853
328928
328970
330358
332225
333649
334718
334724
334748
334789
334917
338926
339513
339644
344265
347446
347454
347752
351611
351746
352549
354043
356322
356328
356334
356840
358279
359516
362254
362967
363603
364594
365077
365807
370593
372892
372898
376655
378924
380438
381043
381351
382470
382478
383876
386870
386879
387045
389773
390872
392318
392960
393049
394695
395612
396283
397686
401351
403549
403853
404151
406054
407214
407464
409212
410071
412373
412393
412425
413026
414489
414592
415560
418641
419168
420618
421516
422526
423031
428392
430465
430477
430580
433570
436954
437556
437906
440746
445753
446423
447594
448720
449994
450093
453993
454988
455107
456078
458087
459500
465395
466932
466944
467738
469882
471611
472092
473055
475037
475347
478327
478474
480411
481415
482250
485703
486181
487374
487384
487390
488657
489366
490992
491097
491103
491658
494716
496553
496559
498796
500077
502943
504757
504766
505243
506688
511095
511298
511744
511868
512198
512224
513611
515602
519375
520308
521862
522092
522100
522170
523627
524607
525149
525269
529692
532497
532579
532598
534697
535818
536668
540199
540480
541501
541904
551425
553069
554345
555327
557036
563546
563590
564404
565014
565042
565675
566191
566197
566203
566209
570875
571040
572196
572593
574176
578479
578521
580828
580883
581617
584759
584856
584994
586380
598188
598649
599745
603301
603439
608248
608882
609306
609674
610628
610662
614258
616348
618009
626242
628839
628849
631538
633733
635095
635101
635107
635113
639523
641729
641851
643252
644035
646816
648475
649544
649550
649701
649742
650605
650668
651324
652472
655350
656294
656733
658330
658556
658874
659014
660694
660917
661972
664772
664793
664991
667184
671971
671977
672147
672710
674889
675083
675473
675579
675856
677107
677884
677953
681922
685117
686480
686807
689562
691137
691210
692239
693042
693312
693622
696033
697420
697670
702209
703793
703799
703805
705352
705856
706316
706864
707402
708925
708931
708937
708950
710692
713281
714991
715533
716098
717049
719166
719860
719878
720582
720645
722085
722387
723912
728208
729263
729439
731094
731731
733851
733963
735090
735205
735219
735225
735231
735623
736220
736532
736719
736852
737741
743044
743798
752122
753746
754538
755179
755188
755600
756442
756991
759398
759951
764985
772374
772714
773302
775020
776221
776810
778340
782170
782225
782231
782255
783431
784223
785482
785667
785673
785679
785706
787527
788277
790137
796653
796663
800830
802904
803511
808453
808459
808471
809375
810653
815325
815780
815786
815794
821509
821519
821525
821585
821603
826609
827874
829168
829919
832976
837685
839523
841832
842084
842194
843208
843375
846678
848372
852733
857709
860070
862101
862565
863234
863594
863607
868296
870130
870846
873188
874083
874093
874752
874758
878982
881191
881330
883232
885016
885187
886763
892290
894965
894971
896830
896945
896961
896987
900956
902613
904590
904958
907195
907755
909973
913077
913317
915200
915209
919806
921955
928783
930734
930885
933186
935112
935233
935467
937017
937088
937588
938463
940930
941184
941538
954727
955081
955335
957801
958676
959174
959247
960798
961028
961154
963084
967755
969021
971480
971627
974367
976411
979031
981624
983885
988259
988284
991229
991351
993366
993694
996162
999638
1004818
1004839
1005629
1009932
1010250
1010282
1010707
1011209
1012681
1013235
1016296
1019383
1019414
1019581
1026160
1026310
1026316
1026322
1028228
1030164
1030767
1032206
1032394
1033615
1034448
1035467
1035473
1035704
1035764
1036586
1038275
1038292
1040483
1040988
1040994
1041000
1041010
1042495
1050412
1050458
1050464
1052546
1052772
1053276
1053323
1057008
1057695
1058958
1059467
1060965
1064180
1068127
1070135
1070142
1072798
1073087
1073140
1078082
1079130
1082549
1083556
1085027
1085978
1086135
1086477
1087048
1088852
1089651
1089754
1093291
1095790
1099152
1099766
1100398
1100577
1100996
1105314
1107707
1108654
1108987
1109715
1116201
1116209
1116215
1116221
1118982
1121056
1124474
1125794
1127589
1127595
1127708
1131097
1131666
1133201
1140304
1145157
1146687
1147747
1150366
1151371
1154680
1156842
1158646
1160620
1161524
1162292
1164427
1164589
1164748
1164756
1165262
1166165
1169270
1171022
1171280
1171286
1171308
1171443
1172738
1173545
1173852
1176454
1178450
1178456
1178783
1179005
1181092
1184336
1184342
1184348
1184358
1184563
1184665
1184857
1184864
1185723
1187283
1188449
1188583
1189884
1193141
1194530
1196884
1200075
1200354
1200741
1201525
1202746
1205370
1208311
1208369
1211365
1211386
1213999
1215090
1216874
1216881
1219153
1220944
1223244
1225991
1227845
1231229
1231482
1234361
1235102
1238485
1240684
1240874
1240880
1242412
1243543
1245127
1246231
1250532
1251890
1252212
1254711
1254729
1255187
1256053
1259324
1260324
1260867
1262659
1263506
1263992
1265065
1266643
1267197
1268375
1269396
1272686
1277002
1277178
1279696
1280082
1280980
1281052
1281777
1282983
1283103
1283123
1284101
1287341
1290303
1293801
1295117
1296381
1297845
1298039
1298741
1300478
1300621
1303089
1305661
1305975
1306932
1308416
1308507
1309435
1309614
1316690
1316702
1317469
1318918
1320838
1320858
1321546
1327699
1328379
1329316
1330260
1334209
1335649
1336557
1338647
1341252
1347236
1348531
1349080
1350092
1353943
1353973
1355669
1355745
1357009
1357230
1357920
1357992
1360107
1364074
1366046
1368672
1368739
1368745
1371763
1371769
1371775
1371787
1373134
1373695
1375678
1377304
1379651
1379665
1380965
1383139
1387483
1387579
1387591
1390593
1390617
1390801
1392339
1396017
1396025
1397024
1399865
1400548
1400570
1400597
1401265
1406112
1406214
1407888
1409448
1410769
1412759
1419739
1420603
1421931
1423244
1426325
1426797
1426828
1427618
1430722
1430743
1430861
1433717
1436721
1438493
1439687
1444572
1444888
1445160
1446348
1446445
1449656
1452390
1452466
1454053
1457411
1457865
1457872
1459208
1459216
1459354
1460886
1461161
1461602
1464510
1465370
1466390
1466471
1468066
1469876
1472645
1472747
1474875
1484342
1486193
1489873
1492854
1494608
1494807
1494832
1500751
1502262
1502270
1502276
1502282
1502288
1505541
1509723
1510388
1510543
1510624
1510940
1512533
1512632
1514469
1514891
1516639
1518064
1518349
1520367
1520845
1522948
1524937
1531446
1533603
1536231
1537888
1544464
1544563
1544833
1544849
1548252
1549169
1549383
1549554
1549560
1557137
1558849
1560047
1562435
1564243
1564408
1565890
1565974
1570019
1572712
1572734
1572800
1574614
1575350
1575453
1576783
1577110
1577714
1582922
1587532
1587589
1587671
1587877
1589988
1590487
1590499
1592315
1594771
1595715
1596035
1596613
1598977
1599069
1599518
1600466
1600998
1601506
1605486
1605933
1605962
1606518
1611552
1612799
1613579
1615276
1616124
1618383
1623229
1625031
1625184
1625265
1625689
1627012
1628154
1631118
1631242
1632536
1632606
1633059
1638093
1640719
1641748
1643391
1644070
1648029
1648571
1649633
1650221
1652907
1654766
1658393
1659695
1661217
1666659
1668855
1670591
1671392
1671791
1672386
1673393
1676503
1678239
1683123
1684237
1684243
1684249
1684255
1684261
1685002
1685009
1685332
1690480
1692275
1693188
1693443
1698716
1702210
1703139
1704174
1706494
1708006
1708280
1710133
1711401
1712762
1713062
1713130
1713136
1713142
1713148
1714202
1715101
1715746
1715963
1723538
1723611
1726141
1726359
1727789
1728540
1730249
1730255
1730266
1731724
1734107
1734802
1735890
1735955
1736829
1738046
1738565
1739893
1741478
1741780
1742422
1744606
1745273
1750607
1751192
1753309
1755101
1756983
1757229
1759143
1760998
1761459
1761465
1767499
1769590
1770835
1771195
1771231
1772606
1773103
1773168
1773757
1774085
1774687
1775071
1778572
1780023
1780264
1780297
1782750
1783004
1783216
1783236
1783549
1784088
1784502
1786245
1786445
1788244
1789812
1790128
1792454
1796521
1797766
1797789
1797797
1797803
1797810
1797817
1799182
1800981
1800987
1800998
1804528
1805007
1805568
1807465
1807475
1807991
1808193
1811153
1812293
1812434
1812781
1813248
1816368
1819163
1820730
1822162
1822303
1825562
1826939
1827606
1828793
1830041
1831986
1833295
1835863
1836667
1842275
1842914
1842998
1846820
1853643
1854976
1857516
1858111
1858738
1858900
1873872
1873937
1874952
1877177
1884120
1885532
1885746
1889028
1889093
1892140
1898113
1900118
1901285
1901293
1901299
1902850
1910362
1911123
1911302
1911417
1913410
1916800
1921764
1926205
1927148
1928037
1929226
1930249
1933007
1933015
1933021
1933565
1938209
1940801
1942060
1942316
1942678
1943729
1944073
1944445
1944559
1944594
1944602
1946266
1947343
1947349
1947891
1949034
1949806
1952572
1952670
1955580
1955719
1955947
1956249
1956322
1957711
1961173
1961995
1962050
1965066
1968274
1968401
1968528
1970004
1970105
1970312
1972095
1973741
1973898
1975368
1979014
1979036
1983046
1983624
1984780
1984788
1988243
1989873
1989957
1991764
1993619
1993625
1993631
1993637
1993643
1993649
1994533
1994597
1995743
1998622
2000320
2000405
2000638
2001239
2001755
2002545
2003561
2005678
2006656
2010714
2012006
2013673
2014210
2014933
2017096
2017699
2020713
2020948
2021247
2022065
2022169
2022446
2023771
2024598
2024699
2024990
2025978
2027901
2029247
2030306
2031167
2032696
2033775
2034679
2035248
2035533
2037921
2038241
2038247
2038253
2038259
2038595
2038848
2040051
2041300
2043848
2045636
2046104
2046110
2046116
2046122
2046402
2048359
2048953
2049738
2050589
2051147
2058926
2058932
2059411
2060684
2061580
2064636
2065261
2066240
2070368
2070902
2073604
2073976
2075487
2076464
2077357
2077389
2079358
2081151
2083380
2084799
2086489
2087318
2089542
2090362
2092576
2093583
2094930
2096197
2096204
2097230
2097237
2097949
2100346
2100465
2101214
2108188
2108281
2110434
2110707
2110775
2115423
2115435
2117778
2120100
2121856
2122802
2124596
2126251
2128156
2128642
2128698
2128704
2128710
2129139
2129417
2129423
2129429
2129435
2130924
2132162
2132169
2132185
2132221
2136117
2140386
2140765
2143051
2143195
2143726
2144477
2145111
2147598
2147607
2148960
2150674
2151015
2151507
2152265
2153583
2153947
2154523
2156310
2158647
2158659
2159484
2159885
2160014
2161199
2161708
2161914
2161920
2169087
2169142
2170450
2170468
2171303
2171311
2171325
2176077
2176702
2177980
2178150
2179445
2179451
2179457
2180189
2181080
2181666
2181704
2184120
2184756
2184772
2186050
2186916
2187212
2189714
2189956
2190314
2190714
2191483
2192420
2194138
2194146
2194220
2194852
2197717
2199041
2202986
2203873
2206817
2208946
2209254
2210057
2210606
2211356
2214189
2215186
2217500
2217506
2217526
2217542
2217919
2217931
2217937
2217943
2217949
2217955
2218415
2218945
2218985
2223900
2226850
2228137
2231570
2232275
2237468
2238195
2238741
2239037
2239874
2240013
2240236
2242018
2244354
2246505
2247081
2247517
2247545
2248166
2251209
2255339
2256625
2260574
2261781
2263177
2264417
2264453
2265826
2265854
2269800
2271520
2272759
2274333
2276727
2276734
2277048
2280776
2281432
2281545
2283786
2284663
2289616
2293434
2298132
2298140
2298460
2299694
2304732
2305693
2305704
2305719
2306302
2308247
2311200
2311206
2311212
2312055
2313213
2314958
2314974
2315260
2316437
2316777
2316965
2318010
2319937
2320058
2320126
2328106
2328123
2330021
2330637
2332416
2338133
2338170
2340696
2342465
2343325
2343817
2345453
2346606
2346769
2346776
2347623
2347643
2348590
2349495
2350562
2351417
2353810
2359053
2360860
2361412
2361605
2363561
2366228
2369899
2370811
2371424
2371579
2374289
2374800
2376270
2378617
2378850
2379312
2379524
2382368
2382376
2382397
2384157
2384527
2385305
2386428
2386690
2389143
2393710
2393886
2393892
2393898
2396377
2396663
2396669
2401744
2403870
2404751
2404757
2406217
2406244
2406940
2407354
2411451
2413227
2413478
2413674
2414316
2415631
2417468
2417883
2422482
2425154
2425160
2425298
2425745
2425978
2433022
2433562
2436059
2436491
2436622
2436754
2440020
2440206
2442426
2442506
2444938
2448436
2449571
2451252
2451882
2452021
2453556
2455269
2457118
2464475
2464484
2466399
2468462
2468981
2471194
2471388
2472310
2473171
2475143
2480285
2480292
2481383
2482685
2483980
2488420
2488473
2489022
2495026
2497001
2499256
2499343
2501511
2504816
2507550
2508145
2509061
2509844
2512752
2516310
2516358
2519749
2520114
2523271
2530584
2531586
2531723
2534427
2534876
2536093
2537581
2537700
2538874
2540094
2541596
2541695
2542568
2543351
2547368
2556672
2556723
2557529
2557577
2558893
2559074
2559092
2560009
2563141
2566089
2567062
2568598
2568606
2569747
2572521
2572908
2573447
2573779
2573795
2573828
2577239
2577277
2577955
2579947
2582332
2583266
2583969
2586075
2587384
2587791
2587904
2591812
2593845
2594385
2594796
2595915
2596203
2598929
2600811
2604606
2604664
2606375
2606466
2606478
2606484
2606496
2606613
2607733
2607841
2612066
2612122
2616959
2618711
2620450
2624248
2625564
2625589
2627425
2627553
2629093
2631215
2632701
2635709
2635719
2636575
2636630
2638372
2638448
2638456
2642336
2642646
2642725
2649564
2651148
2652297
2652305
2653759
2654085
2654313
2656572
2661060
2661536
2663067
2665228
2665957
2667083
2668789
2672671
2674802
2676864
2678170
2678227
2678324
2679610
2685133
2685139
2685608
2687561
2687777
2693568
2694257
2694263
2695650
2696882
2701068
2702625
2702644
2704799
2706546
2706552
2707091
2709242
2711159
2711301
2712856
2717035
2720568
2722442
2725996
2727605
2728317
2735942
2739465
2739585
2745066
2750688
2752149
2758103
2758115
2758319
2760226
2764818
2767589
2771815
2774310
2774460
2780384
2780390
2780396
2781620
2786164
2786310
2788356
2789195
2789201
2790425
2792120
2792131
2792141
2793079
2795267
2796432
2797099
2799123
2800859
2801113
2805700
2807744
2809297
2809323
2809405
2809450
2810515
2812317
2813192
2814180
2816014
2816347
2816606
2817067
2824225
2826751
2827626
2828124
2828197
2829739
2829969
2830089
2832726
2832981
2833316
2833428
2835425
2837116
2840850
2842837
2843913
2843953
2848869
2850027
2850037
2851405
2852432
2855371
2858656
2859330
2863546
2865870
2867734
2869195
2869285
2869291
2870628
2871526
2874882
2875212
2882533
2882649
2882655
2883313
2884514
2884540
2888930
2889926
2890509
2892563
2893590
2899619
2899652
2904441
2905740
2905847
2905855
2908120
2908284
2908637
2910323
2910404
2912228
2914836
2915688
2921669
2923599
2925455
2925586
2928137
2931922
2938623
2939050
2939498
2939672
2940164
2940484
2942451
2945357
2945974
2946582
2949243
2949677
2951119
2951395
2952639
2953206
2953276
2953313
2954053
2958014
2958022
2958856
2962470
2963512
2965546
2967203
2969290
2969300
2972944
2974232
2975305
2977438
2977963
2979862
2979992
2982812
2988679
2989629
2989747
2989753
2990898
2991574
2992942
2993340
2993851
2996202
2996250
2996380
2996829
2998165
3001803
3004654
3006745
3009069
3014058
3014257
3014630
3022551
3025517
3025570
3027251
3029677
3031091
3031310
3032358
3032483
3033177
3034237
3034901
3035873
3043622
3044706
3044712
3044718
3051406
3051596
3052744
3054051
3059053
3060357
3071012
3071294
3072272
3072278
3072329
3072474
3072498
3072737
3078305
3079971
3080664
3082282
3083268
3083487
3083802
3085745
3086770
3087079
3088438
3088818
3093179
3093185
3093191
3093642
3094145
3094275
3095746
3095937
3096170
3096821
3097240
3098518
3100032
3101044
3101230
3101236
3101242
3101248
3102558
3102816
3110768
3111885
3111995
3112265
3113606
3113613
3117044
3122133
3124742
3125383
3125922
3125928
3125934
3125940
3128580
3129104
3129174
3129650
3129857
3131594
3135711
3136719
3137115
3137201
3137649
3139456
3139557
3140045
3142174
3142579
3143722
3144433
3148776
3151135
3151217
3154933
3161185
3164104
3165331
3169204
3170584
3176894
3177834
3177844
3178859
3179756
3182173
3182755
3186206
3186212
3186218
3186224
3186230
3187197
3189069
3190693
3190699
3191340
3191361
3191521
3193486
3195103
3196441
3198111
3198129
3198149
3200820
3207121
3209439
3209447
3210115
3214130
3214448
3216403
3220452
3220579
3227409
3227560
3227578
3230801
3231561
3234789
3235146
3236384
3236913
3237366
3238395
3238713
3240718
3243392
3243842
3244048
3244697
3249474
3251164
3251803
3253295
3253386
3253679
3254063
3255782
3255792
3255828
3256040
3257843
3258683
3259485
3261321
3261833
3261842
3261888
3264293
3264619
3264691
3265198
3265670
3265798
3266101
3266619
3266765
3266823
3267547
3267585
3271494
3272311
3275304
3275334
3279799
3280343
3281242
3282153
3282480
3282632
3282940
3284992
3285176
3287353
3287884
3288447
3292494
3298972
3299826
3302644
3302674
3304724
3304939
3309326
3312131
3312765
3313383
3313991
3314099
3321779
3324050
3325623
3325955
3326740
3327162
3328933
3332019
3333062
3334338
3335081
3337382
3337391
3338692
3340387
3341230
3343855
3346841
3346861
3348484
3349494
3351255
3351626
3353103
3353301
3354342
3354376
3356554
3359402
3359408
3359414
3359420
3362000
3363251
3365589
3367305
3367848
3368542
3369249
3374333
3376015
3380115
3384756
3384769
3390031
3392896
3393097
3393362
3394033
3397389
3397482
3397626
3397989
3398572
3399558
3401084
3404012
3406295
3407242
3408223
3408726
3408748
3413549
3416115
3419515
3420802
3423913
3424953
3424999
3425667
3426244
3426763
3426769
3426775
3426996
3427070
3428697
3428882
3433040
3435929
3436336
3436819
3437488
3440626
3442493
3445447
3445486
3447112
3447357
3447623
3449287
3449530
3453080
3457439
3458000
3458076
3461340
3461391
3461714
3463997
3465334
3467739
3468288
3469939
3475276
3476022
3476368
3476868
3479207
3479840
3481244
3481250
3484795
3484803
3488616
3492037
3492047
3492053
3493479
3494397
3494945
3496312
3496328
3496962
3500599
3500605
3501278
3504037
3504687
3505018
3506164
3506176
3506422
3508729
3508735
3508741
3508747
3508753
3508923
3508942
3509121
3510635
3512001
3513420
3516984
3517261
3517868
3520410
3526849
3526855
3527309
3528078
3528207
3530786
3531602
3535836
3538856
3539215
3541704
3545517
3546934
3552536
3555354
3555360
3557957
3559101
3564097
3564354
3564607
3565699
3566906
3567178
3568041
3568160
3568171
3569306
3575146
3576599
3576772
3578247
3579417
3580699
3581264
3582631
3582706
3588238
3588244
3588250
3588262
3589388
3593446
3594817
3599182
3602847
3604477
3606532
3606542
3607893
3608201
3610338
3612835
3612841
3614746
3616129
3618350
3623481
3624918
3625221
3626534
3626725
3628051
3632500
3633497
3634882
3635695
3636461
3644196
3646895
3646925
3646933
3646951
3647079
3648322
3648497
3648503
3652366
3652372
3652378
3652647
3653738
3660802
3661177
3662190
3663280
3665065
3667783
3670159
3673822
3674127
3680348
3680415
3680423
3683091
3685161
3687524
3688830
3690532
3690569
3693491
3693505
3693608
3698227
3699341
3701507
3702097
3702105
3702139
3708050
3708231
3709349
3710072
3711900
3714246
3715976
3716392
3718176
3719999
3720099
3720173
3722184
3726124
3726132
3726138
3726144
3726158
3726164
3727366
3728508
3729157
3729193
3729199
3733090
3733715
3733790
3734116
3734317
3738694
3739701
3741530
3741860
3742115
3742576
3754629
3761654
3762906
3766716
3767376
3768776
3768805
3770564
3771411
3772553
3777255
3781244
3783292
3787441
3788236
3790304
3792503
3793985
3794233
3796040
3797071
3799543
3800721
3802257
3803373
3806636
3808360
3810742
3810790
3810796
3810802
3813899
3814747
3819179
3819562
3823881
3824445
3826122
3826586
3832882
3835712
3838997
3841719
3844242
3845524
3849473
3850198
3850729
3851923
3859803
3861367
3862595
3866462
3869582
3871943
3872354
3873012
3875263
3877668
3880211
3884158
3885113
3887662
3889470
3891881
3895344
3896665
3898302
3898982
3901210
3907045
3908393
3916789
3917960
3918216
3919415
3920495
3920763
3921566
3921668
3922570
3922838
3926481
3927436
3929179
3930378
3931518
3935909
3937456
3943912
3944320
3944326
3944332
3944342
3945754
3950680
3951371
3952621
3952627
3952637
3952643
3952798
3957672
3959489
3963130
3964673
3967464
3968944
3974195
3976915
3982012
3982170
3985192
3985267
3986376
3988388
3988713
3988738
3988754
3988760
3988766
3988859
3990025
3990056
3992681
3993670
3996864
3996870
3996876
3997679
3997946
3998313
3998319
3999320
4004998
4005583
4007864
4012017
4019425
4021161
4031006
4031675
4032509
4032855
4036522
4039702
4042722
4043254
4045941
4046515
4047174
4048252
4049134
4051561
4052787
4053444
4055820
4057107
4057113
4057119
4059879
4060094
4061686
4061812
4061866
4063771
4065937
4069563
4070237
4070341
4074247
4074253
4074274
4077124
4077279
4077335
4078134
4079024
4079034
4079095
4079610
4079623
4079723
4080221
4081394
4082592
4088031
4088150
4088593
4090632
4093879
4094661
4097536
4098156
4100402
4100416
4102428
4102468
4103842
4105687
4106610
4107903
4108051
4109209
4111617
4112409
4112780
4113239
4115326
4115480
4119157
4121248
4122093
4128253
4129784
4131848
4132307
4133417
4134503
4138679
4138685
4138691
4142661
4143895
4143971
4144890
4145253
4146322
4148098
4148122
4149953
4156170
4157041
4157272
4160543
4161157
4163122
4165709
4165729
4167752
4168675
4169038
4169045
4170616
4180237
4181901
4181917
4183290
4183865
4185921
4190090
4190120
4190146
4195050
4197662
4197686
4198241
4198989
4199016
4200338
4203434
4205924
4210028
4210040
4211052
4211967
4214058
4218201
4219098
4220461
4220569
4222124
4222841
4222882
4226637
4228297
4234571
4235691
4236987
4237243
4237646
4238672
4239655
4240960
4244195
4247036
4247086
4247193
4248116
4248426
4249652
4252849
4254201
4255564
4255940
4259709
4262747
4262757
4262763
4262817
4265587
4265600
4266976
4269793
4269799
4269805
4269811
4269851
4271994
4272497
4272575
4272755
4273596
4276849
4278423
4278593
4278599
4280382
4282514
4284369
4284625
4284703
4285665
4286410
4287630
4287814
4288713
4289271
4293376
4298103
4298284
4300196
4302769
4302940
4305800
4309647
4311138
4311342
4311565
4312252
4312375
4312964
4313126
4313132
4313332
4314626
4315333
4318673
4320419
4321704
4321809
4323696
4325211
4325895
4326856
4328005
4331837
4331980
4332495
4333623
4334785
4335638
4340122
4343774
4349232
4353354
4357006
4365492
4366019
4374629
4374987
4375517
4375556
4375585
4376606
4376612
4378586
4378608
4378614
4380945
4382392
4383351
4383379
4384900
4384989
4387781
4392177
4392183
4396621
4398858
4399565
4399654
4401146
4401214
4402769
4403267
4404852
4408167
4409505
4410667
4410897
4415683
4418661
4419088
4419489
4422081
4423800
4429366
4429618
4429896
4430683
4431538
4434511
4435175
4435910
4435924
4435933
4435977
4437561
4440074
4441620
4442860
4443228
4445612
4448302
4450446
4452069
4452076
4453269
4454378
4454671
4455078
4456057
4456653
4456940
4457615
4458840
4459658
4460303
4460406
4460923
4462190
4463149
4470260
4472588
4473479
4477423
4478898
4478969
4479272
4482325
4483347
4483390
4483402
4483408
4483503
4484753
4486209
4486548
4486591
4486597
4486603
4487335
4490295
4494140
4496637
4496649
4498620
4498644
4499935
4502871
4502877
4504134
4504144
4505827
4505838
4507128
4511967
4513832
4515098
4515973
4527431
4529155
4529711
4529718
4532381
4534154
4534212
4535596
4536210
4536945
4538257
4538503
4540568
4540589
4543743
4546306
4551001
4552213
4552219
4556127
4556679
4557066
4557485
4558508
4559969
4562074
4563410
4563443
4563453
4563475
4566760
4567433
4568376
4571242
4571250
4572587
4577755
4578261
4580712
4580733
4581012
4581018
4581024
4581042
4582443
4582449
4582789
4583660
4586243
4588113
4588770
4591285
4592063
4594630
4594668
4594765
4595721
4597473
4601653
4601785
4602913
4603711
4604911
4610123
4611490
4611993
4613349
4613643
4614127
4614230
4615860
4616344
4617765
4624398
4624619
4625680
4626783
4626803
4627153
4627599
4628105
4629757
4631034
4632037
4635398
4635876
4635979
4638908
4639193
4639967
4641242
4642118
4642306
4644593
4644601
4644615
4646281
4647617
4648549
4649401
4649491
4654240
4654246
4654252
4654258
4654264
4654494
4655586
4655592
4655598
4655608
4656400
4657607
4658996
4661694
4661955
4662160
4663165
4666310
4666690
4666700
4668377
4669631
4669862
4670082
4671190
4671955
4671966
4677791
4679158
4680239
4680290
4681249
4681675
4683318
4684940
4685928
4689641
4691748
4694563
4694766
4695118
4695150
4696738
4697154
4697269
4697770
4699015
4700782
4700858
4700870
4700876
4700882
4700967
4705159
4710133
4710632
4714069
4714429
4720748
4725855
4728382
4728667
4730821
4731015
4734103
4734538
4734881
4737800
4737972
4741716
4747252
4749173
4749179
4749428
4750137
4751888
4755737
4756188
4758896
4760900
4762258
4764361
4766878
4768766
4770457
4770866
4772092
4772235
4773358
4773913
4774251
4774257
4774263
4778436
4779757
4783558
4785027
4785033
4785039
4785045
4785051
4785057
4785067
4785350
4786540
4786557
4786941
4793895
4793937
4794594
4795319
4798305
4798956
4799041
4800552
4804424
4805191
4805238
4805339
4805348
4806760
4808405
4809699
4809895
4810051
4813304
4814548
4815092
4820627
4826849
4827104
4827859
4831255
4831819
4832333
4832535
4832547
4835123
4837533
4840557
4841031
4843083
4846725
4848732
4849252
4850088
4850264
4850422
4850620
4857467
4859950
4860108
4862053
4862178
4862644
4865251
4866338
4867460
4867538
4867669
4870192
4874298
4875165
4875248
4877572
4880626
4880744
4880808
4882172
4885423
4886321
4887485
4888711
4889530
4889556
4889976
4891635
4894011
4896698
4896773
4899423
4899916
4904156
4905493
4907234
4908309
4912201
4912207
4913353
4913359
4914675
4919697
4921605
4921611
4921815
4926217
4927838
4927869
4928409
4929093
4929550
4932386
4934104
4935819
4936674
4936726
4936848
4938118
4938393
4940477
4945420
4948523
4950483
4952970
4956440
4957657
4959067
4959248
4959503
4960728
4960846
4960873
4966275
4967759
4967781
4967789
4967799
4968928
4969003
4971170
4971195
4972281
4972293
4973844
4979102
4981141
4981147
4981155
4982575
4984412
4984998
4985342
4985661
4986208
4986363
4988827
4991915
4993165
4993218
4993591
4994429
4995547
4995641
4995768
4999402
4999408
5001790
5003937
5004496
5008062
5013388
5014066
5014078
5016927
5016933
5019167
5021566
5024825
5026433
5027012
5027811
5027858
5027891
5027897
5027907
5027913
5027919
5029256
5031549
5031652
5034326
5035911
5038924
5038960
5038971
5042729
5044771
5045465
5047266
5052563
5053588
5054350
5054363
5056253
5061858
5062449
5062876
5064828
5072999
5074025
5078399
5078718
5080342
5081537
5084995
5085005
5085648
5085689
5085731
5086033
5087967
5088454
5090563
5094299
5098424
5100588
5100620
5100638
5100646
5102889
5103092
5104525
5105611
5108237
5108243
5110435
5110443
5113912
5114139
5114145
5115776
5118964
5119216
5121486
5121514
5121604
5121617
5122405
5123245
5123379
5130657
5130919
5132097
5132945
5133046
5133054
5133355
5135132
5136708
5140247
5143760
5145991
5147663
5150294
5153919
5154335
5156724
5156730
5156756
5156834
5162247
5165578
5169459
5170068
5171510
5173998
5176685
5176893
5176909
5177247
5177669
5177703
5178414
5179934
5183905
5184011
5186991
5187187
5189847
5192105
5192979
5193960
5194003
5196776
5198438
5200249
5201906
5202012
5204301
5205997
5206857
5206902
5208050
5208138
5208467
5208473
5212105
5212125
5212141
5212147
5212159
5214136
5214868
5214902
5218789
5218910
5227035
5227106
5227190
5230575
5233973
5235008
5235560
5237391
5237398
5239601
5239612
5247594
5247658
5250024
5251979
5254072
5254859
5255400
5255740
5257117
5258356
5258922
5261264
5262917
5263380
5264245
5267151
5267670
5270215
5271957
5275900
5277199
5280646
5280652
5280715
5282080
5282876
5284439
5285300
5286449
5287016
5290321
5290328
5292375
5292829
5296405
5297511
5299594
5300529
5301058
5301077
5301193
5303833
5306321
5306368
5307496
5308184
5309008
5312401
5312413
5312429
5313279
5313465
5313473
5313479
5316965
5316995
5317096
5318622
5318820
5318828
5321136
5321380
5322477
5323631
5325208
5325223
5326222
5326327
5326716
5326740
5327218
5327859
5327865
5327871
5327877
5327883
5328213
5329200
5333359
5333426
5334465
5335486
5338181
5338264
5338989
5339258
5339884
5342623
5343657
5345889
5348479
5351160
5351972
5354827
5355116
5355411
5356611
5356617
5356623
5356645
5357654
5358382
5359010
5359043
5359111
5361174
5361584
5362751
5365645
5365665
5366983
5367242
5371615
5372401
5374619
5375234
5377307
5377946
5377952
5379760
5383895
5385892
5392177
5392446
5392464
5393017
5398651
5399371
5400029
5400491
5401090
5401113
5401347
5406747
5407223
5408818
5409054
5409064
5412640
5412664
5412670
5412678
5412758
5413857
5413898
5413916
5413922
5413928
5418145
5418451
5419569
5421372
5422240
5422359
5425140
5428882
5436198
5436835
5437023
5443104
5443771
5444721
5445701
5445728
5446038
5446047
5450266
5450442
5450463
5450932
5456124
5456130
5456136
5456142
5458222
5458581
5458587
5466019
5466119
5466125
5466131
5466137
5466143
5467647
5468793
5471567
5472097
5476639
5478259
5481426
5484854
5486681
5486735
5489682
5491037
5492277
5493241
5493495
5493828
5495848
5500932
5501334
5502579
5504195
5504755
5505606
5506221
5507258
5508457
5508855
5510000
5510172
5512792
5513869
5517147
5518942
5520872
5520918
5528771
5529759
5530046
5531502
5532323
5533175
5534355
5534404
5535375
5536588
5536607
5536759
5539467
5540266
5546156
5549084
5549349
5554714
5555037
5555149
5560535
5561087
5561093
5561112
5562599
5564835
5569046
5569184
5569320
5570791
5571251
5571257
5571263
5571273
5571920
5574938
5579591
5580688
5581782
5582262
5582328
5584136
5589075
5590865
5591272
5591386
5592785
5597836
5597856
5598452
5598458
5600673
5601696
5601762
5602703
5604403
5605402
5608952
5609433
5610125
5611109
5615374
5617989
5618294
5618766
5619374
5620788
5620842
5621046
5622150
5625472
5626415
5627379
5628193
5628968
5630223
5630933
5630971
5631039
5634032
5634043
5634053
5639779
5640996
5648176
5652605
5653395
5653409
5653415
5654657
5655216
5656741
5658158
5659667
5661264
5661450
5661456
5661462
5663178
5663202
5664531
5664691
5666192
5666234
5668959
5669365
5669770
5671041
5679865
5680786
5683437
5683471
5685438
5686296
5688123
5690077
5690168
5692837
5693022
5696794
5697021
5697529
5698854
5698864
5699475
5699742
5703420
5704321
5704736
5708003
5712277
5712329
5712379
5713657
5713908
5716101
5718968
5719005
5719732
5719798
5722129
5724325
5728058
5731173
5732614
5734406
5738811
5741168
5741174
5741180
5741377
5741383
5741389
5741454
5742188
5747538
5749220
5751999
5754123
5754476
5755599
5761183
5768295
5771295
5771310
5772175
5774069
5774123
5774129
5775950
5777568
5778165
5778735
5778743
5779742
5780612
5782391
5782397
5782403
5782409
5782415
5782421
5783679
5787093
5789626
5789632
5790211
5790298
5797525
5798291
5799537
5802824
5802959
5803255
5805289
5805890
5807145
5808902
5813941
5814298
5814304
5814310
5816116
5816260
5816371
5816655
5818313
5818662
5820039
5820669
5821758
5823116
5824587
5825012
5827338
5829238
5831108
5831170
5831204
5832409
5834977
5835874
5839789
5841355
5842666
5844801
5844807
5844872
5846270
5847542
5849105
5852134
5852144
5852156
5853280
5854964
5857295
5858292
5860261
5861077
5861087
5861172
5863358
5863505
5864249
5864326
5864627
5865495
5868778
5868908
5870047
5877354
5880401
5882495
5882557
5883822
5885103
5888927
5889198
5889756
5889768
5889778
5891137
5892477
5892675
5892710
5893642
5893787
5894357
5895229
5895977
5896048
5898349
5898730
5901759
5902660
5902682
5902780
5905235
5908282
5908334
5912244
5912696
5913734
5915159
5916226
5916244
5919292
5921372
5921394
5921400
5921406
5921784
5922766
5924429
5924531
5928929
5930558
5930568
5931454
5933320
5937867
5939356
5944323
5947433
5947469
5948739
5948751
5952988
5954932
5957405
5957421
5958856
5963722
5966527
5968644
5969814
5972767
5973311
5973383
5981673
5985827
5996130
5996807
6000083
6001488
6004346
6004964
6007599
6012195
6013693
6015083
6015113
6015121
6016841
6018313
6018377
6027765
6028472
6028629
6030953
6033609
6034794
6039200
6040649
6043329
6043384
6044902
6046052
6046873
6051508
6051537
6051740
6052090
6052979
6053646
6057060
6057361
6057707
6057828
6060549
6060555
6060569
6064894
6073079
6074235
6074728
6074894
6074974
6075467
6076745
6076825
6079183
6080821
6082032
6083673
6085132
6087543
6090739
6091616
6092227
6092411
6093978
6094206
6097262
6098783
6099082
6099096
6101212
6101439
6101496
6101611
6102434
6104505
6106638
6107745
6108965
6111978
6114746
6114858
6115415
6116569
6119210
6119326
6124613
6124667
6125781
6126661
6131394
6131636
6132277
6133529
6134136
6138835
6138849
6141580
6141586
6141739
6145238
6146559
6146695
6146705
6147730
6149192
6150401
6150871
6153024
6154560
6155002
6155351
6156408
6158355
6161825
6161831
6161837
6161866
6163533
6166380
6167433
6169159
6169545
6170614
6171803
6174883
6176816
6178558
6179404
6179480
6179620
6182114
6184098
6185586
6187810
6188290
6198369
6198779
6200642
6202061
6202140
6204992
6212289
6214223
6214231
6214658
6214668
6217153
6218506
6219041
6219748
6224712
6225482
6227035
6227041
6227047
6227053
6229741
6230733
6230990
6238873
6239467
6241389
6241717
6242864
6243057
6243419
6246052
6247559
6247862
6247899
6248572
6250588
6252118
6252659
6252985
6253710
6254565
6256413
6257463
6258307
6258696
6258802
6258808
6262605
6266075
6269905
6270467
6271177
6271970
6275559
6278985
6279900
6294822
6294852
6298425
6301052
6301062
6303022
6303094
6303401
6304244
6305254
6305260
6311771
6313306
6313694
6315236
6315242
6315248
6317751
6318842
6320956
6322676
6323070
6325108
6327731
6328236
6328258
6328264
6328958
6329927
6332943
6333466
6335415
6335421
6336048
6340885
6341315
6342615
6342693
6344705
6345670
6348167
6349305
6350240
6353121
6353686
6354073
6354143
6354998
6357503
6357973
6359480
6360300
6363177
6363460
6365652
6367733
6369729
6373875
6374661
6375815
6375929
6376124
6377749
6378704
6382292
6386056
6388073
6390809
6393201
6398384
6400743
6400749
6403273
6404249
6404255
6404273
6404280
6405413
6407299
6407322
6407653
6407667
6409928
6412051
6417337
6418097
6418545
6419494
6419513
6419894
6420539
6423300
6425583
6427461
6429729
6429872
6430456
6431300
6432283
6432383
6433573
6434273
6434338
6437461
6438697
6440465
6443157
6448100
6451841
6452114
6452399
6453922
6457159
6460674
6461895
6463343
6463393
6466065
6467426
6467771
6467778
6469550
6472859
6472866
6480403
6480771
6481078
6481161
6481564
6482582
6482936
6482944
6485702
6485770
6487540
6490348
6490557
6490633
6494249
6494720
6496238
6496287
6498565
6498571
6500202
6500790
6500812
6500818
6500824
6500914
6500928
6502649
6508359
6510836
6512359
6512365
6515230
6517640
6518106
6522009
6522462
6525727
6527274
6529244
6529556
6534148
6534156
6534162
6534168
6534174
6534229
6535383
6535503
6539512
6540117
6541859
6546133
6546515
6546525
6546825
6550838
6551160
6552125
6556117
6558654
6566118
6566371
6566843
6572529
6581514
6583311
6583321
6583449
6584784
6585180
6585473
6589746
6593321
6598127
6601977
6604341
6605559
6615288
6616668
6618553
6620332
6620961
6620971
6620985
6621834
6624355
6626828
6630301
6631073
6631457
6631473
6632303
6632343
6633024
6635896
6636285
6639125
6643515
6643971
6644651
6645414
6646976
6649387
6649609
6649737
6649743
6649749
6655411
6656702
6658371
6658908
6659616
6664580
6665350
6666903
6666909
6666915
6666921
6669609
6670601
6670858
6683944
6684479
6684736
6686651
6686989
6687011
6687039
6688957
6689455
6690548
6690847
6696251
6697332
6699443
6700108
6700277
6705335
6705942
6710402
6710462
6710614
6719353
6720188
6720598
6721602
6724741
6724891
6725189
6726078
6726084
6726090
6726096
6726102
6728801
6728950
6731773
6733364
6736529
6737236
6738144
6738915
6739957
6740205
6740998
6741018
6747249
6749023
6749048
6752316
6753242
6754777
6756196
6756736
6756822
6760151
6764984
6764990
6764996
6765012
6766226
6766406
6770159
6772220
6773320
6774140
6775099
6775105
6775111
6775117
6775123
6775129
6775782
6775841
6775990
6775996
6777165
6777182
6779177
6779183
6781867
6781941
6782258
6784100
6785336
6786063
6787066
6787304
6789798
6790490
6790949
6794114
6795476
6795484
6795521
6797352
6801845
6803828
6804366
6804621
6804918
6805155
6806429
6807487
6811268
6811589
6814370
6816405
6817281
6817414
6817900
6818103
6819237
6820615
6820784
6821755
6822152
6827400
6829593
6829928
6830022
6830786
6832378
6833274
6834697
6834740
6837584
6840617
6841762
6842249
6842405
6842827
6845779
6846510
6846695
6847723
6848499
6848639
6851415
6853183
6853262
6853401
6853882
6854117
6854247
6855762
6856417
6857399
6860461
6860486
6862385
6863230
6863641
6864550
6865313
6865560
6865594
6865863
6870368
6870374
6870380
6871108
6872480
6872508
6872741
6875645
6875923
6875996
6878869
6878971
6880616
6881197
6885451
6886504
6887578
6888452
6895421
6895543
6896636
6898605
6898625
6898766
6900844
6900850
6900856
6900862
6900868
6903048
6904876
6904950
6905167
6907380
6907983
6907994
6908839
6914205
6914461
6914722
6915206
6917624
6920689
6921040
6925353
6926072
6926192
6926198
6926858
6928298
6931223
6935689
6940801
6944366
6945682
6948192
6951522
6951973
6953934
6957370
6957377
6958390
6958396
6959628
6961195
6963143
6964454
6968484
6971112
6972656
6972756
6978143
6978817
6978947
6980686
6983811
6984960
6988597
6988642
6990946
6991041
6995245
6996229
6996952
7002077
7002639
7002801
7003224
7004259
7004385
7008821
7009244
7011852
7013477
7015440
7016951
7020001
7020359
7020409
7020567
7022730
7028868
7028876
7030361
7033662
7034584
7036358
7036418
7037287
7039080
7042237
7043027
7045891
7046905
7047357
7048168
7050506
7050867
7051188
7052871
7054044
7056119
7058936
7059085
7060611
7061303
7063963
7063969
7064031
7064868
7065491
7065497
7070482
7070488
7072121
7072150
7072156
7073217
7073298
7073304
7073310
7073318
7074133
7074361
7076031
7076723
7077452
7077504
7079277
7079285
7079354
7083365
7083417
7087737
7090459
7090476
7091678
7092203
7092259
7093121
7093220
7093830
7093928
7094480
7094487
7096994
7099085
7099519
7100330
7101050
7101143
7101839
7102055
7102545
7104091
7104170
7107825
7110225
7110372
7113235
7116903
7116937
7116962
7117236
7118989
7121082
7121321
7122514
7125428
7127771
7129386
7129392
7129398
7129404
7129850
7130669
7131593
7133384
7135293
7135774
7136956
7137577
7138482
7140464
7140470
7145860
7147127
7148442
7149255
7153661
7155107
7155418
7155425
7157040
7162014
7164937
7164943
7164949
7164955
7165533
7166574
7168735
7170515
7173004
7173258
7174764
7174963
7176002
7178047
7181880
7181906
7184370
7184378
7184543
7185057
7186719
7186729
7189336
7191851
7192311
7192317
7195037
7196274
7201060
7206465
7207424
7207839
7207857
7208084
7208090
7214856
7215075
7216550
7217357
7217843
7219853
7226284
7226836
7229559
7229875
7230032
7230225
7230242
7230366
7232888
7235524
7235784
7247525
7247894
7248480
7249075
7250317
7250879
7250905
7252660
7253330
7255961
7257997
7258912
7259723
7259881
7261344
7261638
7264639
7265307
7266404
7266422
7266428
7266815
7268132
7268138
7268448
7268454
7270049
7271326
7272365
7272901
7274384
7279059
7279307
7281024
7281878
7287383
7288074
7288082
7288088
7288094
7288100
7291611
7294107
7297119
7299792
7300260
7300344
7301430
7306580
7307011
7312351
7312532
7313943
7315056
7315066
7315665
7317573
7319121
7319451
7319722
7324295
7325004
7325694
7327348
7327354
7327360
7329522
7332068
7332225
7335150
7336906
7338078
7338094
7340595
7343959
7346159
7347249
7348700
7349471
7349532
7352135
7352387
7352956
7353878
7354021
7354036
7354726
7355307
7356997
7358110
7360638
7361284
7361726
7365814
7365886
7366970
7367246
7369489
7372077
7372083
7372089
7373042
7373145
7379507
7382607
7382613
7382619
7382778
7383111
7384789
7386785
7389180
7390634
7391024
7391486
7392163
7392477
7392504
7393072
7397018
7399746
7399841
7400630
7401057
7401406
7403382
7408551
7409848
7411186
7411934
7412302
7412435
7413600
7416688
7418516
7422606
7423087
7426041
7426078
7426860
7426926
7429585
7431950
7432197
7434697
7434711
7437643
7438262
7439406
7439481
7441515
7442221
7443312
7443318
7443589
7444198
7445873
7447265
7447541
7447927
7449135
7452192
7452482
7452704
7453520
7456254
7457108
7459939
7467068
7472017
7472631
7472868
7473118
7473222
7474308
7476658
7476668
7478259
7480858
7480894
7483348
7483354
7483360
7485466
7486368
7486375
7486738
7489061
7492293
7493416
7494837
7495814
7496000
7497216
7497331
7498488
7499423
7501624
7501726
7501876
7502123
7503268
7503591
7504602
7508548
7513409
7515544
7519491
7520433
7521195
7522274
7522361
7523466
7523472
7523478
7523484
7526805
7529932
7530061
7531395
7531725
7533440
7537029
7541439
7541480
7541486
7542972
7544037
7544681
7545277
7545851
7546740
7547779
7550444
7550464
7551589
7552299
7553672
7554595
7557209
7557782
7558121
7559512
7559567
7560065
7561018
7564803
7565904
7568162
7569675
7570776
7572770
7573943
7574283
7575087
7575322
7576357
7576460
7576568
7577923
7583765
7583963
7583982
7587966
7589837
7590125
7590139
7595677
7595684
7598272
7598310
7598858
7603174
7603883
7605275
7605799
7607894
7609473
7610296
7611679
7611769
7616803
7618478
7618555
7618770
7619455
7619462
7621235
7624466
7624473
7625228
7626722
7628560
7630593
7630696
7632057
7632895
7632947
7633361
7634363
7634547
7635760
7637327
7637536
7637838
7638729
7644695
7646489
7648924
7649524
7651989
7655286
7656336
7656342
7659915
7661553
7661850
7661856
7664011
7666015
7670047
7670275
7670379
7670482
7672035
7678841
7681254
7682666
7683537
7684779
7687065
7687072
7687078
7687084
7687094
7687100
7687180
7687218
7687228
7688771
7688849
7691484
7694498
7696344
7696381
7696388
7697586
7706900
7707114
7710153
7711936
7712738
7713871
7720114
7720120
7720126
7721487
7721494
7721564
7725970
7725993
7727378
7727401
7730418
7730651
7731679
7732575
7732581
7738499
7738505
7738511
7739821
7739939
7740689
7740711
7740920
7740958
7742919
7745264
7745550
7750424
7750831
7751469
7751481
7751559
7752701
7754810
7755696
7756757
7758112
7762062
7763984
7768958
7770726
7771482
7771756
7772480
7774287
7774296
7774922
7777033
7777789
7783887
7784140
7787603
7788447
7791271
7796856
7797761
7800004
7800010
7800016
7800022
7800028
7800701
7800753
7800761
7803326
7805003
7805186
7806770
7807122
7808896
7810487
7811336
7815279
7823850
7825461
7826620
7827276
7829323
7829349
7829457
7831638
7832880
7833604
7833612
7833664
7834812
7834859
7835735
7836501
7836574
7842343
7846050
7847941
7848875
7852443
7856387
7857551
7859131
7863443
7866848
7869534
7870421
7870527
7873912
7874735
7876349
7877270
7879004
7881784
7886599
7888789
7890818
7892174
7893685
7895375
7896615
7896802
7903460
7903525
7903776
7903782
7903797
7904639
7904653
7909242
7909726
7910115
7910538
7910898
7911163
7913281
7913966
7914565
7914774
7915829
7915990
7916781
7918642
7918677
7919727
7922624
7925203
7925724
7926629
7926636
7926820
7927437
7928200
7928458
7929979
7930045
7930052
7931468
7933403
7935888
7936002
7936997
7938088
7938157
7939912
7940332
7946539
7946789
7946797
7948353
7950388
7954427
7956082
7957719
7960593
7963866
7965224
7965665
7965671
7967593
7967712
7967856
7970005
7973108
7973278
7974748
7975390
7975768
7979097
7979510
7980846
7982503
7985522
7985645
7986663
7988734
7989933
7992208
7994538
7997198
8000875
8001300
8002029
8003038
8003057
8003520
8003645
8006261
8006702
8010374
8010380
8010386
8011164
8011416
8011458
8012324
8012331
8012875
8014658
8015789
8017566
8018066
8019761
8019910
8021316
8022906
8023249
8024650
8024662
8024674
8024680
8024686
8024692
8024832
8026430
8027158
8027417
8027614
8027725
8028328
8031291
8033740
8033772
8033778
8036144
8036236
8036467
8037515
8043493
8043622
8045717
8045905
8047610
8050278
8050411
8050964
8051159
8054345
8056637
8057159
8057165
8057171
8059522
8059531
8059541
8059547
8059565
8059571
8059577
8060535
8061546
8061566
8061579
8061587
8061597
8062391
8062700
8062719
8064168
8064188
8065898
8067423
8067927
8070371
8074159
8074221
8075843
8076269
8079061
8090737
8091594
8099437
8099546
8101846
8102373
8104307
8110897
8110936
8116542
8117201
8119342
8119548
8121770
8123341
8126593
8126716
8127303
8128784
8129519
8132774
8135454
8138265
8138952
8139289
8139800
8139944
8140051
8144093
8144372
8144431
8145550
8147758
8149734
8151316
8151748
8156408
8156515
8164942
8166413
8166634
8166695
8166835
8166895
8167580
8168728
8168734
8169697
8171113
8171695
8172675
8175734
8175740
8175746
8175752
8175764
8177339
8178746
8179971
8180856
8183914
8185018
8186485
8186491
8189905
8189955
8190916
8192199
8192273
8202128
8205648
8206006
8206659
8207244
8209342
8209350
8209770
8210067
8211425
8214288
8215934
8219420
8220729
8221141
8223174
8229578
8233257
8236195
8238278
8242777
8249510
8249518
8250478
8251306
8252840
8252848
8252854
8252860
8252866
8252872
8252887
8253895
8255098
8255373
8255438
8256257
8257150
8258144
8258150
8259174
8259241
8262429
8262439
8262477
8267050
8268185
8268841
8268849
8269851
8271324
8272939
8276484
8279426
8283342
8283416
8285678
8286583
8287284
8287305
8287362
8287368
8288661
8290711
8294349
8294798
8297141
8300032
8300048
8300971
8301463
8302277
8303582
8306210
8306325
8308712
8313902
8314225
8314849
8315412
8315428
8315451
8320859
8322231
8323543
8327984
8329420
8329931
8330832
8331193
8331451
8331974
8332310
8333660
8333826
8333832
8338888
8339203
8339416
8339533
8339808
8340362
8341506
8342181
8345068
8345313
8346803
8346883
8348570
8348701
8351913
8351966
8354668
8356612
8362064
8362074
8362189
8364753
8364759
8369769
8370037
8370059
8370489
8371005
8374537
8374616
8375136
8375999
8378838
8383687
8388854
8389054
8391308
8391498
8392672
8393644
8393650
8397433
8398294
8399926
8400469
8402944
8405294
8405667
8414750
8418269
8419031
8419037
8420229
8420239
8420444
8420754
8423699
8424726
8425475
8425556
8428117
8428666
8431052
8432567
8433952
8434297
8434646
8435343
8439640
8440527
8440546
8441430
8441652
8445913
8447667
8449462
8451150
8451682
8452265
8453475
8453566
8457075
8457397
8457573
8457684
8459236
8463183
8469353
8470684
8470934
8471753
8476437
8478244
8478876
8479083
8483490
8487023
8487701
8487960
8489834
8489992
8491883
8493314
8494318
8494853
8497596
8498084
8498090
8498096
8498608
8498810
8498820
8498845
8500435
8500699
8502328
8504479
8505984
8505996
8506002
8506099
8506943
8506953
8506959
8506972
8508604
8510958
8514536
8515278
8517919
8521629
8522683
8522695
8523988
8524000
8524006
8524012
8525265
8525520
8525532
8527027
8527429
8527435
8533064
8533070
8533076
8533090
8533247
8536091
8539128
8539134
8544000
8544006
8544012
8544018
8544124
8544132
8544156
8546740
8547131
8548987
8549012
8550887
8552973
8556333
8558472
8559430
8559440
8563236
8563244
8564671
8565007
8571403
8575493
8578707
8580526
8581654
8583975
8585118
8585317
8585552
8587772
8589547
8589573
8589656
8589701
8590766
8592571
8593448
8594437
8596258
8596592
8596845
8597347
8609210
8609943
8609967
8610921
8613375
8614139
8614145
8615659
8615810
8617309
8617629
8618530
8618672
8624830
8624916
8628654
8629196
8630597
8632376
8632384
8632398
8640380
8640505
8640519
8640527
8641975
8644558
8649414
8649453
8650185
8651809
8651940
8652980
8653019
8653901
8658038
8661394
8663529
8664170
8669036
8673947
8675414
8675884
8677602
8678349
8685325
8686333
8686340
8687420
8687452
8687468
8688143
8690096
8691406
8706259
8709027
8710647
8712724
8712911
8717065
8718441
8718449
8718947
8719364
8721163
8722666
8723788
8725305
8725484
8726213
8727380
8729143
8729212
8734426
8737662
8738258
8739299
8741727
8742427
8742444
8742525
8742563
8744140
8744147
8747485
8750117
8750826
8752941
8754305
8755401
8756297
8762364
8762371
8762928
8763048
8763263
8764709
8765614
8765917
8766774
8767612
8768667
8769695
8770548
8770958
8771826
8771832
8772003
8772253
8776989
8776997
8777988
8778783
8781150
8782212
8785556
8786946
8788445
8788491
8790782
8791073
8793178
8800191
8801819
8804198
8805532
8808405
8811144
8812306
8818522
8820006
8821644
8823771
8824464
8825103
8829775
8830298
8831699
8835612
8835692
8836572
8839214
8841305
8842978
8842992
8846477
8846558
8851391
8852906
8854675
8856318
8856773
8859187
8859286
8860059
8860095
8860430
8861901
8862125
8864639
8864720
8865322
8866429
8869508
8870743
8871324
8871650
8872968
8873063
8874955
8875024
8875614
8875624
8877111
8877145
8878839
8880080
8880828
8880840
8880848
8881721
8883811
8884018
8885864
8886996
8888645
8891842
8893704
8893740
8894483
8894489
8894495
8894501
8894507
8897414
8898054
8900617
8902421
8904480
8906756
8907420
8907430
8907449
8908384
8909525
8912545
8914742
8915206
8915729
8917068
8917717
8919296
8920789
8922574
8922580
8922586
8922592
8922616
8927314
8927597
8928838
8928845
8929795
8931957
8932092
8937068
8937467
8937501
8939019
8939415
8939487
8940349
8940734
8941369
8941388
8943323
8944027
8944070
8950577
8953089
8953097
8953103
8953109
8953169
8955601
8955717
8964922
8970039
8970057
8970065
8970111
8970202
8970414
8971550
8971576
8973873
8975886
8976791
8977965
8980287
8980293
8980299
8980328
8981795
8984507
8984622
8989504
8989510
8991500
8994441
8994669
9002759
9005758
9006286
9006292
9012806
9014418
9016396
9018429
9019339
9020722
9020909
9021348
9021360
9021531
9022847
9023300
9024282
9026833
9027637
9027646
9030292
9030983
9032090
9033287
9034575
9034673
9034899
9038550
9041888
9042693
9046292
9046314
9046320
9046326
9046577
9047089
9047103
9047539
9050087
9050186
9050490
9053435
9055305
9056484
9056534
9057573
9057694
9058497
9058510
9058849
9060296
9060302
9060308
9060314
9061406
9062824
9063050
9067694
9070451
9073863
9076059
9076530
9078558
9079297
9081988
9084957
9086069
9092560
9093227
9093385
9095903
9097608
9097741
9097992
9098757
9100855
9103075
9104804
9105507
9105519
9109914
9111802
9111808
9113558
9114078
9116776
9117246
9119304
9123617
9125039
9128883
9130521
9132658
9133014
9136516
9139321
9139793
9140307
9140909
9142388
9142537
9145290
9145309
9147417
9147423
9147429
9149185
9151336
9152829
9153463
9154400
9156102
9156953
9157735
9158331
9159678
9162552
9162634
9162654
9164196
9164222
9166017
9166954
9167913
9168365
9168612
9168723
9169363
9170616
9170844
9170871
9172086
9172184
9185359
9185853
9186112
9187109
9188171
9190043
9192012
9192836
9195163
9195441
9195849
9198740
9202928
9203205
9208096
9208547
9209416
9211236
9211672
9214771
9214777
9214947
9216496
9216612
9217154
9217391
9220882
9223515
9225270
9225276
9225356
9230644
9232413
9232419
9233327
9234203
9235902
9235926
9236013
9237792
9239333
9239817
9240359
9241019
9242218
9242357
9242999
9248672
9248957
9250277
9251489
9254656
9255876
9257780
9259573
9259960
9260682
9260770
9261148
9261583
9264997
9265674
9267107
9267241
9269423
9269478
9271690
9274201
9274623
9274909
9276117
9276139
9278874
9281254
9281758
9282520
9282530
9282548
9286018
9290452
9292336
9292342
9292348
9292358
9293939
9295610
9298537
9298888
9299620
9300530
9307719
9311268
9312852
9316059
9317333
9317571
9317593
9322309
9324229
9324241
9325330
9325336
9325342
9325348
9325413
9325734
9326663
9328625
9330418
9341040
9341309
9342126
9342684
9344571
9345806
9348511
9348633
9349830
9352080
9353103
9353373
9354777
9354933
9356194
9357473
9357628
9357724
9358789
9359891
9362653
9364163
9365624
9365630
9366678
9370034
9371373
9372631
9376266
9377917
9379932
9380787
9382092
9382351
9385029
9385327
9387042
9387395
9387420
9388823
9388829
9388835
9389576
9391177
9393032
9395749
9395832
9399028
9405436
9407753
9408062
9410952
9412158
9413293
9415345
9416706
9417494
9417623
9417652
9418448
9421838
9422753
9425389
9426783
9431663
9431826
9432309
9434424
9438613
9441351
9443417
9443787
9444487
9449003
9452684
9455908
9456161
9457295
9459091
9460881
9461705
9462763
9462771
9464344
9464709
9467709
9468055
9469741
9470888
9471759
9471766
9471772
9471778
9471784
9472138
9472559
9475220
9481581
9481589
9481595
9481658
9485691
9486234
9486264
9486270
9489801
9489809
9489857
9491311
9493057
9494039
9495877
9497045
9498159
9498167
9498183
9499278
9510892
9515631
9516766
9518981
9520841
9530386
9532498
9535558
9535565
9535835
9537922
9538505
9538539
9539922
9540591
9540619
9542024
9543472
9543852
9543858
9547960
9552865
9556722
9561329
9562313
9564768
9565963
9570265
9570293
9576643
9579947
9581274
9584586
9584592
9585530
9585861
9587944
9590306
9594789
9596538
9598498
9598965
9600427
9600928
9600934
9602555
9602579
9604781
9607542
9608389
9608532
9610206
9615318
9621713
9621737
9621860
9630498
9632094
9638985
9642173
9642405
9642433
9643352
9645467
9646353
9649361
9651281
9652728
9652842
9652902
9653092
9653138
9654879
9655930
9655938
9658247
9658424
9660365
9660536
9665066
9665479
9667694
9667700
9669810
9670072
9671204
9672588
9672717
9672908
9673897
9675649
9679103
9680108
9680286
9681550
9683245
9685801
9687203
9687473
9687689
9689087
9693075
9693917
9693923
9694880
9696554
9697648
9698644
9705306
9712399
9715004
9715507
9716587
9716739
9723019
9724764
9728711
9730737
9730916
9731518
9733341
9736057
9736477
9736487
9737521
9739058
9746105
9746143
9746869
9747308
9749317
9749859
9752227
9752355
9752593
9753104
9754171
9756325
9758342
9759084
9760286
9760368
9762295
9764109
9764734
9764741
9765596
9765943
9767101
9773236
9773263
9777208
9778105
9779815
9779837
9779843
9779849
9780431
9780437
9780444
9781429
9783461
9784232
9784586
9784645
9784677
9786115
9787995
9788910
9788933
9794447
9794453
9794765
9794781
9795461
9795971
9796067
9796552
9799098
9803151
9805361
9806693
9807163
9811241
9811283
9816127
9818134
9821336
9821852
9823831
9823879
9824506
9825118
9825274
9831440
9832619
9834113
9838060
9839187
9839418
9839828
9840181
9842043
9845933
9845939
9845945
9848824
9851603
9851891
9851898
9852777
9855443
9856903
9857230
9858244
9858406
9858792
9860570
9860583
9862363
9862372
9862611
9864989
9865647
9867293
9867303
9867309
9869426
9870370
9870378
9870384
9870390
9872619
9872632
9878336
9880267
9880545
9881677
9882162
9884187
9886392
9890989
9891144
9891417
9891836
9893038
9893132
9893968
9897663
9897771
9897842
9897848
9900327
9900333
9900339
9904351
9904517
9905118
9906631
9907716
9917536
9918745
9920720
9927451
9929892
9930222
9930561
9930569
9930904
9934454
9935022
9936601
9944160
9944247
9945801
9955574
9955667
9957395
9957976
9961315
9962395
9964175
9964327
9966668
9966798
9966826
9968887
9968893
9970631
9971116
9975652
9976150
9977438
9977728
9982991
9983997
9989197
9989966
9990418
9990818
9994070
9997567
9999854
10006383
10006620
10007386
10007665
10008007
10008124
10010578
10010636
10012839
10012845
10017956
10019421
10019427
10019946
10020738
10022687
10023326
10024232
10028137
10028143
10028172
10028826
10028836
10028842
10029241
10030355
10030365
10032700
10033497
10034953
10037341
10037397
10042036
10042095
10042506
10042513
10045040
10048589
10049719
10051206
10052945
10055161
10056198
10057845
10058160
10058175
10064241
10065448
10065455
10066551
10070800
10070813
10077550
10080173
10080181
10080885
10084413
10084902
10085644
10086057
10087271
10089822
10089828
10090007
10090597
10092445
10094028
10094552
10095038
10096033
10096591
10098786
10104287
10106831
10106867
10107192
10108113
10108652
10108744
10112364
10112598
10114109
10118546
10118715
10119266
10120806
10122287
10122413
10122835
10127401
10132413
10134980
10136754
10141649
10143210
10144711
10144874
10145093
10149775
10149795
10149803
10152495
10152511
10154144
10155107
10155489
10159223
10159381
10160314
10162455
10162571
10164334
10165062
10166044
10167177
10169120
10169479
10169631
10172043
10172058
10172064
10172070
10172076
10172082
10185485
10186072
10192107
10196056
10197173
10197221
10197426
10197491
10201311
10204355
10205567
10205573
10205579
10205980
10206118
10206837
10206898
10209185
10213232
10217544
10219192
10219833
10221357
10221363
10221369
10221488
10223239
10224486
10224857
10225368
10228238
10228527
10231834
10231842
10232985
10233609
10237003
10238977
10240926
10245206
10247519
10247996
10249236
10252553
10252924
10254167
10255148
10255784
10257055
10257096
10258054
10258064
10260610
10260616
10260622
10261245
10262053
10263167
10263708
10264381
10266309
10266323
10266329
10266494
10267136
10267659
10269800
10269876
10270479
10271419
10273376
10274228
10275191
10275296
10275531
10277088
10277559
10277567
10277749
10279759
10279843
10282395
10283562
10287011
10287416
10289166
10293265
10293475
10293810
10295722
10295778
10295793
10295916
10296965
10297202
10299141
10299730
10300884
10305517
10305550
10305624
10306236
10307171
10307188
10309307
10309457
10309934
10310093
10311487
10313176
10313582
10315175
10315493
10317074
10318091
10318306
10321737
10329078
10329761
10331991
10335199
10336882
10338191
10338222
10338739
10339825
10339831
10339837
10339843
10342447
10348170
10348331
10351038
10353800
10354044
10356780
10359299
10359687
10359697
10366787
10366793
10366799
10366805
10370009
10372559
10374571
10377203
10378867
10379882
10380255
10380268
10381020
10381032
10381150
10381156
10381162
10381168
10384245
10384449
10385728
10387111
10387117
10387123
10387129
10389320
10390288
10391682
10393886
10394018
10396752
10398999
10401078
10401152
10401342
10402970
10404203
10404212
10405954
10406572
10407707
10408557
10409343
10409466
10412516
10414161
10415123
10415795
10418439
10418447
10418857
10425436
10426329
10426350
10430570
10430580
10435735
10440762
10440809
10441179
10441690
10443074
10443329
10446175
10448755
10451102
10452000
10454224
10454230
10455631
10457274
10459481
10463518
10463601
10463687
10464095
10468517
10469482
10470658
10470664
10470670
10478226
10478523
10480234
10481256
10481263
10481823
10482086
10483533
10483545
10483954
10483960
10483968
10483974
10483980
10483986
10483992
10484602
10488858
10491177
10491185
10495123
10497491
10498090
10498321
10498622
10498711
10498992
10499484
10499490
10505495
10508582
10509188
10509196
10510996
10514354
10515769
10516370
10516495
10518441
10522854
10523184
10526179
10530933
10536708
10537778
10540963
10540969
10540975
10540985
10541671
10546765
10547394
10547402
10549885
10549893
10549962
10550785
10551570
10551749
10552843
10553630
10554358
10563112
10565046
10565126
10565780
10568005
10569660
10571400
10571956
10573278
10575296
10576042
10577493
10579358
10579758
10580566
10580578
10580743
10581761
10586952
10587026
10587072
10588624
10591517
10592280
10594914
10596173
10597568
10599703
10606159
10606173
10606773
10607671
10608861
10612717
10614938
10616302
10616856
10618321
10618397
10620170
10620933
10622625
10622735
10622766
10624774
10626614
10626680
10631345
10631650
10635304
10636771
10638061
10643207
10644606
10645030
10650288
10653792
10653804
10653812
10653818
10653824
10653836
10660132
10664708
10664864
10664888
10666858
10667098
10672502
10674181
10677465
10677472
10677478
10678947
10686768
10686875
10689459
10689591
10690256
10690262
10690268
10690274
10690280
10690286
10690350
10690700
10693283
10694650
10695048
10696247
10697284
10697899
10698750
10699310
10700926
10702169
10702573
10707656
10709671
10710004
10710259
10711304
10711558
10711892
10711898
10711904
10711910
10712234
10717135
10717274
10718457
10719160
10723256
10724426
10725889
10727827
10728522
10728695
10732172
10732237
10732733
10732785
10732827
10734277
10734294
10734300
10734844
10734850
10734856
10735298
10735680
10736033
10736190
10738222
10740257
10740972
10750438
10752449
10754019
10754209
10755144
10755161
10760120
10762393
10763451
10764323
10764506
10767392
10767398
10767404
10768120
10768126
10768216
10773181
10777298
10777308
10778249
10779435
10779441
10779447
10782691
10783090
10784884
10786676
10787369
10789355
10792252
10794326
10798928
10802222
10802643
10802649
10802655
10803128
10803134
10803144
10803154
10807042
10807185
10809160
10813509
10813537
10813551
10813559
10816834
10817559
10820600
10821491
10827023
10827191
10827911
10827928
10827934
10829753
10833082
10833628
10834334
10835681
10837139
10837151
10837157
10841765
10846886
10848784
10849141
10850005
10850426
10850752
10854643
10855188
10856002
10856415
10857615
10858491
10858498
10860695
10860756
10864069
10870136
10871465
10872672
10873435
10873450
10873456
10875920
10876373
10877589
10879567
10880341
10882893
10883286
10884020
10884748
10885950
10886249
10888322
10888332
10889836
10893723
10894122
10894179
10895255
10897264
10898107
10899454
10900646
10901842
10903166
10904973
10907219
10908212
10910079
10910623
10910930
10911881
10912090
10912913
10914177
10914999
10918525
10918531
10919426
10919874
10921814
10921837
10922865
10925575
10926029
10929477
10932613
10932846
10932914
10932922
10934706
10934902
10936132
10936138
10937736
10941683
10943370
10945084
10945101
10946181
10948654
10949406
10952102
10953344
10953422
10954037
10956013
10958978
10959552
10961544
10961554
10962128
10962880
10964665
10964671
10964677
10965876
10966132
10966154
10966638
10971387
10972532
10974995
10975016
10975022
10975028
10977089
10977095
10977101
10977107
10978815
10980428
10980440
10980452
10980458
10982828
10982918
10983817
10985521
10986094
10986615
10989637
10996251
10996264
10996595
10998439
11002904
11003421
11003478
11005038
11005044
11008176
11010460
11012551
11013177
11013352
11014179
11014347
11015067
11015084
11015090
11018208
11018218
11018224
11018425
11018945
11019510
11022918
11022965
11023917
11025300
11026680
11027888
11028143
11028473
11030302
11030865
11030891
11032269
11032649
11032760
11033319
11035655
11036047
11038032
11038495
11038514
11039928
11041204
11041959
11045221
11048257
11049758
11050892
11051471
11052177
11053986
11054268
11054421
11054847
11055938
11056213
11057025
11057124
11058212
11058222
11059360
11066164
11066235
11066865
11067237
11071739
11075680
11076967
11077191
11083004
11083146
11083440
11083446
11086949
11089329
11089366
11091485
11092729
11094526
11097208
11097850
11098561
11098568
11099264
11099553
11099879
11100973
11104938
11105805
11105854
11105874
11107749
11108072
11108379
11110902
11112319
11113785
11114020
11117550
11118438
11122101
11122482
11122577
11125850
11127067
11127788
11127800
11127812
11127824
11132530
11133196
11133747
11136265
11138043
11138568
11138576
11138582
11138588
11138594
11138600
11138736
11138749
11140261
11140269
11140275
11140574
11142302
11145955
11146065
11147989
11155191
11155197
11155842
11160001
11160028
11160466
11161120
11165399
11167067
11168862
11172154
11172724
11173951
11175626
11175659
11176631
11181960
11182336
11183106
11184128
11185221
11187468
11187491
11189338
11189351
11190159
11190341
11190347
11190483
11194479
11194485
11194491
11194497
11194511
11194519
11194527
11197049
11204000
11205710
11209053
11211517
11211681
11211687
11211696
11211704
11211710
11215750
11215763
11215884
11216545
11217899
11218585
11218619
11220217
11222547
11226456
11228398
11228500
11228973
11230592
11233316
11233400
11234768
11237166
11238040
11239233
11239502
11240189
11240199
11240315
11241470
11241504
11241623
11242204
11243532
11244597
11244607
11244616
11244624
11244693
11245578
11250339
11250484
11251194
11255951
11257202
11257413
11259002
11259214
11261529
11261890
11264466
11264537
11266971
11270634
11270834
11270852
11271354
11271894
11272972
11275166
11277654
11277777
11279072
11279573
11280780
11280833
11280839
11280845
11284393
11284399
11287160
11289767
11291290
11291456
11293368
11294548
11298477
11299413
11300751
11300879
11302766
11303492
11304437
11305547
11305757
11306990
11307355
11307519
11308677
11309848
11317299
11319057
11321202
11323294
11325022
11326935
11332542
11335138
11336304
11337231
11338102
11338831
11340816
11341234
11345047
11346259
11349441
11349493
11350048
11351795
11351805
11352193
11353636
11356752
11356788
11359275
11359317
11361262
11361533
11363069
11363177
11363509
11363515
11363521
11363687
11363815
11364038
11366294
11366579
11366888
11370720
11370976
11377839
11377923
11378691
11382805
11385291
11387066
11388510
11389951
11391383
11395588
11395610
11397004
11397639
11400838
11403868
11404021
11407355
11407543
11407952
11409290
11409566
11411421
11413495
11413514
11414112
11414541
11414726
11415641
11417964
11422450
11426568
11430936
11431366
11431616
11432291
11432619
11435928
11438967
11442093
11448644
11448996
11449417
11450963
11451035
11454606
11455147
11457822
11460237
11462000
11462020
11464109
11464785
11464795
11469775
11473717
11473834
11474655
11477214
11477442
11486980
11486986
11486992
11486998
11487004
11487010
11488488
11488750
11488766
11489298
11489463
11489704
11491208
11497831
11497950
11500943
11500957
11501900
11502277
11503510
11506626
11506646
11508172
11509379
11512791
11512877
11513071
11515710
11517337
11519878
11520232
11521008
11522642
11522663
11523752
11523785
11523956
11524014
11525695
11528922
11530079
11530087
11532309
11539216
11539317
11540545
11542354
11544267
11546280
11546323
11547809
11547816
11547895
11549979
11552251
11555952
11561733
11563523
11563815
11566283
11566289
11569722
11573215
11574110
11576191
11581132
11581606
11581612
11581624
11583567
11583578
11584294
11584388
11585649
11587502
11588672
11589967
11592008
11592045
11599107
11599297
11602958
11603568
11603660
11604253
11604315
11604624
11604811
11606539
11614728
11620306
11624150
11624222
11628439
11629744
11632249
11635976
11637113
11641605
11642676
11642683
11643002
11643963
11646634
11647803
11648242
11649326
11649407
11651315
11654605
11656467
11666155
11669478
11670411
11670940
11671180
11673263
11673297
11673312
11674502
11674618
11676150
11676162
11676463
11679152
11679274
11680432
11680543
11680828
11690247
11690253
11690273
11692050
11693154
11693691
11697300
11698532
11700210
11700336
11701969
11703003
11704127
11704133
11705077
11706706
11706716
11706722
11706728
11713757
11714052
11714450
11714458
11714827
11717857
11717959
11717965
11718252
11718366
11721242
11721344
11721356
11727821
11727852
11728306
11729214
11732209
11734444
11738859
11738947
11739136
11739363
11740262
11740395
11742983
11744219
11746069
11748452
11749461
11749979
11752150
11752308
11754071
11760370
11768749
11769080
11770922
11773592
11773707
11777760
11779862
11780835
11780974
11786026
11787777
11788032
11789566
11790628
11793308
11793360
11793583
11796451
11799787
11799998
11800004
11800010
11800016
11800026
11801754
11803726
11804684
11806084
11810031
11811180
11811520
11811991
11815710
11816354
11816962
11818940
11818976
11819119
11820939
11821948
11822482
11825612
11826403
11829934
11833106
11834095
11834356
11834764
11841380
11841416
11843197
11843542
11845488
11845984
11847077
11847375
11847826
11849937
11850602
11850771
11855829
11856436
11860895
11860955
11861107
11870383
11870998
11871070
11871764
11872525
11872722
11874547
11880719
11881963
11882726
11882983
11884121
11886176
11886934
11887253
11887484
11887988
11887995
11888861
11889771
11890155
11890641
11890996
11894285
11894305
11894773
11898639
11898672
11898779
11899491
11900572
11901572
11901583
11901589
11904219
11909500
11915911
11916950
11922891
11923206
11924653
11925287
11927143
11927471
11928653
11929221
11931400
11931406
11931700
11932056
11938763
11942683
11944015
11951149
11952321
11957220
11959800
11964629
11964641
11965614
11965932
11969331
11970729
11971260
11972787
11975302
11978847
11981303
11982993
11983001
11983040
11987576
11988390
11989732
11991310
11996524
11996853
11997468
12002192
12008195
12008201
12009644
12012146
12012286
12012901
12012909
12013369
12013864
12015843
12018994
12019002
12019008
12019056
12019806
12020536
12020848
12021753
12022533
12022558
12024924
12025058
12025658
12028548
12029581
12029761
12030478
12033544
12036019
12037545
12039298
12039304
12039353
12039674
12039680
12039686
12041621
12042723
12043602
12048527
12048679
12048739
12048855
12053103
12060421
12060482
12061687
12061787
12063679
12063980
12064231
12069118
12070110
12070370
