Reverse Complement
ata_reverse_subs_tataga.txt
TATAGA
182
6870
10000
11502
19724
25187
26971
28145
31036
38198
45456
45890
47537
50223
60918
61198
64416
65414
67216
70658
71027
71073
73428
79869
82385
85759
90598
91723
96357
97311
105486
106444
110405
113928
115813
116316
122702
124311
128859
130952
133253
135595
137693
142345
143277
148059
148653
150809
159242
160587
162521
162821
166379
173392
175002
176064
177946
178379
186468
188372
189513
191425
194280
199942
201907
203565
204168
205871
206849
209532
211708
212083
213002
214721
214816
219370
219781
220831
222770
223476
226934
226943
229781
230192
235956
238436
238562
238707
243596
255448
256751
257131
257188
261794
272874
274374
287633
292742
294453
301158
302318
306042
310773
310795
313962
322396
324071
325607
328366
328755
328908
329959
332534
333669
334728
334750
339913
351613
353848
354677
356117
357857
359707
363507
365322
365478
367462
370506
370543
371142
371661
376659
389594
389926
392232
393392
394033
407466
407514
421529
422411
422528
428151
429798
433311
435181
450532
452276
456786
459997
460036
461496
464192
467538
471646
473027
478028
482354
486815
490627
502385
504236
505685
505998
511432
515854
518460
520001
520052
520339
522052
523882
524400
527654
529468
533888
549692
550389
563029
563851
563938
566903
574062
574178
576949
578481
579746
580649
580917
584792
600582
600695
602186
604145
606258
609421
610648
612669
612678
614631
616037
616102
622582
623680
623971
627401
629183
629237
631490
634847
636464
638377
646026
648568
651344
651784
653284
658587
659334
659341
660306
671157
672949
677109
677478
678037
678283
682594
683669
686443
686482
691226
693626
696770
701074
712074
719168
719188
721966
731733
732288
732713
736222
737946
739724
740274
742078
743036
743054
744225
748601
751000
752819
753730
756606
756855
759953
766771
770740
772229
772716
773241
780330
780456
785140
788213
791312
791569
792057
793392
795538
796625
798102
802320
807189
808636
813886
814236
826358
827876
828540
829851
830447
833602
839897
843196
843721
845524
852039
856921
858227
858508
866584
866605
868501
869410
874973
875913
877324
878034
892292
895313
895448
896963
903016
903566
904941
905396
906887
917494
918309
922384
927427
931731
936121
936637
938193
940486
941021
941074
943517
948307
955837
956761
956926
960949
964985
965559
968930
973790
974010
983463
986143
988855
990565
991730
994257
1007735
1013759
1014197
1016082
1017190
1023846
1026324
1030157
1033619
1035202
1035706
1045011
1046844
1053278
1054137
1054203
1057010
1057470
1058960
1058968
1059300
1069312
1080516
1084011
1088564
1094729
1097364
1099529
1099961
1106520
1106874
1107155
1107619
1108180
1118984
1121546
1121882
1124718
1131755
1138427
1138449
1140208
1140458
1141342
1147045
1147534
1147900
1149506
1160622
1160898
1162270
1162925
1170249
1170299
1171445
1171850
1172992
1173713
1176107
1178508
1180419
1181845
1186760
1187480
1188059
1188451
1188973
1196886
1199296
1199846
1204615
1204983
1208319
1214050
1215801
1216920
1218387
1218572
1219371
1220586
1226230
1226935
1227834
1228802
1228853
1229642
1230779
1232759
1238363
1241920
1242331
1244723
1248834
1248870
1252440
1255191
1257822
1258912
1259057
1263090
1264051
1265585
1271318
1272688
1274159
1276052
1276755
1277809
1278469
1281054
1282808
1282832
1283125
1284326
1286659
1293331
1294560
1299400
1302962
1305290
1306288
1306861
1308509
1309655
1313402
1316612
1317578
1321278
1322516
1323407
1328055
1329515
1334211
1335143
1337343
1340717
1341244
1346950
1348310
1348563
1353635
1353975
1358877
1360856
1369088
1373136
1374190
1376377
1382605
1385458
1386375
1399973
1405098
1405757
1409064
1411190
1411382
1411426
1412761
1412774
1419298
1422658
1424578
1427603
1427620
1439689
1446350
1447482
1447881
1449664
1452468
1452707
1455157
1455681
1458319
1461260
1464020
1465372
1476036
1480806
1482828
1487718
1489004
1495933
1498382
1500731
1512003
1518209
1519777
1520369
1522995
1527272
1527694
1534169
1537890
1538364
1548273
1548749
1553002
1565911
1568790
1569858
1572764
1574315
1575352
1576988
1580771
1585790
1585798
1590530
1592118
1598378
1599735
1600740
1602308
1603271
1603870
1605187
1614587
1615511
1615884
1617282
1620241
1623099
1624816
1626887
1631244
1634608
1637346
1645834
1645945
1648212
1648219
1653787
1654883
1664771
1665871
1667291
1667325
1671039
1672268
1679134
1684190
1686024
1688298
1699965
1700688
1701553
1701756
1704583
1710100
1713243
1715965
1716057
1718692
1721686
1722059
1726143
1726361
1730612
1731065
1731728
1733843
1737703
1743216
1744315
1744678
1747114
1747177
1750198
1757420
1759635
1767932
1769578
1772825
1780197
1782921
1789149
1790522
1792418
1796068
1800411
1805009
1808105
1808739
1811155
1811374
1815047
1820611
1820734
1825564
1836146
1838344
1844463
1847857
1849707
1852754
1853591
1862344
1863657
1864390
1871014
1873218
1873887
1875578
1889708
1891909
1892144
1893529
1897970
1898333
1900071
1900120
1902862
1902947
1905213
1910746
1910886
1925816
1925931
1926207
1937763
1938211
1938631
1939027
1940693
1948910
1952116
1953025
1953307
1955584
1956646
1960511
1960762
1965108
1965640
1967782
1968403
1972018
1973002
1974429
1976184
1977027
1981017
1984801
1990616
1994360
1994535
1998192
1999180
1999619
1999656
1999944
2001438
2002384
2003907
2004865
2011897
2017879
2018154
2018424
2020916
2021092
2021249
2025052
2028152
2028505
2028702
2029692
2030943
2038685
2038738
2045638
2046404
2049740
2051748
2056210
2057546
2057973
2060861
2067992
2070476
2076113
2076508
2082569
2085075
2087320
2093098
2093454
2096206
2096927
2100328
2105609
2111197
2113302
2116959
2118616
2118988
2119489
2120815
2121976
2122995
2124231
2128644
2139704
2143765
2144614
2156312
2157240
2158254
2158446
2158661
2169927
2170519
2176704
2179461
2184192
2188897
2189165
2197924
2198303
2199043
2203882
2204192
2205157
2206156
2206734
2209628
2216579
2224258
2225303
2232577
2232784
2236213
2237319
2237470
2240221
2242020
2242793
2243099
2243778
2244422
2245230
2246167
2255341
2255880
2255890
2260576
2261508
2261518
2263843
2266687
2271078
2272589
2273666
2278314
2278322
2288358
2288449
2293008
2293436
2298126
2300864
2308447
2316208
2316661
2320060
2320913
2324707
2325183
2325712
2325966
2338036
2340636
2341085
2346934
2348592
2350439
2355294
2361276
2369901
2376795
2378852
2378878
2380465
2383885
2384639
2384987
2385037
2385282
2386794
2387941
2389145
2389594
2390335
2400023
2401082
2402763
2411685
2411839
2421052
2427654
2439923
2444565
2445247
2446325
2457064
2459122
2459383
2459905
2462231
2462621
2464486
2469428
2469588
2470154
2475093
2481860
2488477
2490639
2491236
2496975
2500578
2504818
2511572
2512237
2513512
2519568
2527925
2530673
2537592
2542268
2543537
2554479
2556715
2558568
2568000
2568610
2573382
2577927
2591814
2592510
2596814
2602568
2605305
2608772
2615113
2625690
2632252
2633862
2645577
2646036
2648258
2650319
2654317
2662953
2664701
2664990
2666506
2674707
2677215
2678529
2682598
2682904
2683100
2684071
2685168
2687542
2689245
2689418
2694280
2695442
2696435
2699704
2704809
2704815
2716153
2716975
2718631
2721366
2725778
2726000
2726948
2733741
2738445
2741039
2746091
2747704
2749815
2752221
2760719
2763876
2765684
2766723
2772683
2773992
2779531
2779611
2780765
2780903
2783484
2786166
2786478
2787777
2793497
2793918
2805120
2809452
2812425
2813088
2816154
2816438
2816491
2819048
2824795
2825718
2825883
2829890
2833528
2834164
2837010
2841732
2845430
2849858
2855209
2855730
2861809
2875576
2881788
2882001
2883764
2885499
2892768
2897861
2900558
2900810
2902975
2903960
2904289
2904364
2906978
2907419
2907966
2908092
2911271
2911840
2912137
2913303
2913645
2915347
2920009
2927747
2932497
2932503
2932526
2933733
2940486
2941252
2943381
2948309
2953852
2958257
2958860
2959785
2963172
2964046
2965961
2967886
2968583
2970096
2977512
2977965
2995039
2996762
2997311
2997485
2998392
3000060
3006674
3007791
3007938
3009299
3010970
3014583
3024238
3027273
3029883
3030050
3035947
3040992
3041698
3042175
3042343
3044310
3044720
3046358
3046896
3046914
3048172
3056915
3057508
3058120
3059888
3064948
3065311
3069389
3070243
3072476
3076516
3079305
3079973
3080931
3083270
3084544
3089627
3089696
3089708
3093599
3095385
3097858
3101203
3103851
3114892
3123001
3126526
3126664
3129192
3131694
3136164
3139219
3142448
3143724
3144415
3147203
3147613
3148099
3150941
3151137
3155563
3166058
3167489
3170408
3171023
3173767
3180582
3183871
3189280
3195105
3198843
3212365
3216043
3218351
3220479
3221016
3221454
3226294
3227330
3228509
3231563
3238369
3238397
3241552
3244665
3246165
3253711
3254858
3256703
3257836
3261272
3266260
3266767
3286275
3293740
3297382
3303560
3305480
3306987
3309239
3312077
3318684
3323034
3323448
3325329
3327897
3332207
3335141
3344845
3345781
3346644
3348488
3348645
3351776
3359269
3359362
3366211
3367076
3369703
3374337
3375291
3376021
3377540
3379013
3380133
3384773
3384841
3385401
3389813
3390035
3390983
3393272
3399973
3400126
3405394
3405860
3418761
3418836
3420804
3428128
3428884
3434304
3448899
3450247
3451829
3453097
3456224
3456714
3462920
3467741
3468001
3470877
3474125
3474916
3476504
3476617
3478272
3480702
3481311
3488803
3490848
3492041
3492265
3493261
3499251
3499428
3500891
3505020
3508978
3509565
3512287
3513422
3516827
3519168
3519394
3521110
3525407
3526894
3527313
3529933
3532530
3533579
3538340
3538876
3540210
3540699
3541903
3542088
3543415
3555732
3564634
3564781
3569510
3573665
3574188
3578988
3579419
3579621
3582046
3582720
3588185
3589954
3590388
3590952
3599184
3600065
3600290
3600648
3602140
3602184
3603056
3604758
3610823
3612088
3614657
3615089
3616083
3620846
3625978
3628196
3628842
3632502
3632897
3639362
3642974
3644198
3646264
3652295
3657272
3657331
3661617
3665195
3667116
3668969
3669802
3670249
3674116
3674519
3676082
3676127
3680274
3681262
3684485
3690571
3697798
3705378
3711248
3713181
3716403
3719843
3726093
3727408
3730263
3730611
3734704
3735607
3736483
3736663
3736677
3738588
3741667
3741951
3742004
3742198
3748209
3754872
3764441
3767756
3767856
3768462
3769226
3769421
3770553
3771370
3783265
3783294
3783729
3786925
3787443
3794221
3794243
3796324
3796344
3800756
3806796
3810154
3814736
3814779
3818862
3822052
3823883
3824385
3829508
3832752
3832888
3835764
3835787
3839038
3844780
3849475
3849891
3853678
3856986
3859375
3859807
3865016
3866589
3867063
3868591
3869960
3870805
3875466
3891883
3899636
3900641
3904778
3905288
3907026
3908553
3911128
3920615
3921318
3921660
3922857
3924785
3929696
3933807
3936748
3941848
3943612
3944279
3945756
3950664
3956211
3957021
3962721
3966264
3966531
3967255
3968507
3971800
3973045
3973158
3979365
3982153
3982694
3985921
3986948
3986969
3992683
3997205
3999569
4000586
4004103
4004211
4007008
4007507
4008089
4008528
4008707
4013440
4023503
4024774
4026558
4026579
4027224
4030050
4037212
4039959
4040325
4041238
4046517
4048173
4048254
4048973
4049050
4064017
4065914
4073619
4073846
4075560
4079725
4083469
4088726
4089154
4094475
4094663
4100657
4103308
4105584
4107306
4111045
4114287
4115907
4124056
4129161
4131318
4132309
4133828
4134189
4136202
4143729
4147928
4152897
4157091
4157274
4157526
4158304
4158720
4166654
4167413
4177915
4180653
4180718
4182531
4185923
4191045
4193186
4193903
4194312
4194516
4195133
4201143
4202571
4203442
4203821
4216468
4218097
4223745
4227680
4234068
4238687
4241287
4244211
4245366
4248365
4248658
4252893
4254454
4256348
4267615
4270404
4277333
4280530
4282518
4282976
4284260
4285473
4288715
4289032
4289052
4292957
4293398
4295790
4297321
4298233
4302315
4303703
4307000
4312197
4323491
4324095
4328195
4328968
4336306
4344600
4349234
4350187
4365137
4374274
4375992
4377478
4380953
4381327
4382502
4382735
4389993
4391732
4393598
4394912
4396668
4399343
4402800
4416447
4433096
4437565
4442562
4443352
4447724
4451501
4451548
4454739
4455377
4455606
4463283
4463697
4468797
4469460
4473762
4474218
4474461
4477884
4477902
4480275
4481918
4485751
4486550
4488049
4490099
4494142
4495477
4495938
4496616
4497043
4500008
4503201
4509083
4510064
4513981
4519522
4520790
4525620
4526024
4529087
4532945
4536523
4536959
4538489
4550609
4553151
4554004
4559608
4559953
4562880
4563447
4567435
4568714
4570550
4570993
4571546
4575000
4580191
4582577
4583931
4595181
4595614
4598701
4602695
4604223
4604707
4605493
4610127
4611081
4612740
4613211
4613351
4618886
4624442
4626613
4626890
4629670
4631554
4632316
4637124
4638063
4640744
4642029
4642120
4644443
4644586
4648866
4649403
4660842
4664081
4665376
4668675
4668705
4669257
4670528
4671509
4673853
4674108
4677251
4681677
4682374
4687057
4695421
4704619
4705094
4706461
4709948
4719440
4719917
4725857
4730823
4732511
4734105
4739691
4741634
4741720
4749712
4751276
4760904
4766537
4773860
4773884
4778438
4779068
4785487
4786576
4788560
4788923
4799480
4806513
4806922
4810833
4811745
4813325
4813557
4814054
4814385
4827861
4831188
4832551
4832609
4834899
4835939
4839173
4840171
4843087
4852030
4852053
4865362
4867462
4872195
4873678
4877550
4891945
4892983
4895841
4896794
4898695
4902711
4903590
4905235
4909646
4909674
4912847
4915030
4916110
4922128
4923227
4923269
4929645
4935457
4935857
4938395
4940717
4941400
4943509
4944316
4945642
4948000
4948525
4949245
4949272
4953319
4956628
4959185
4967783
4970897
4972238
4975521
4976387
4981009
4981326
4987991
4993983
4994433
4994949
4996193
4999410
5000947
5004936
5007652
5010637
5011001
5018032
5019002
5020442
5020983
5022089
5027268
5029319
5031551
5031575
5033629
5034833
5035089
5038926
5038973
5042770
5053879
5054374
5054519
5056341
5074973
5076540
5076629
5077448
5082009
5085284
5085835
5086995
5087804
5087925
5092587
5094301
5096537
5099518
5100569
5106367
5107904
5108192
5110425
5110924
5126007
5126013
5131588
5145880
5145997
5146305
5152953
5153289
5156912
5157060
5158172
5161130
5165043
5169802
5171512
5171570
5174000
5176818
5178350
5179818
5180530
5184840
5188458
5190674
5191375
5195631
5195919
5197021
5197889
5198440
5212226
5219868
5225228
5227776
5233049
5233538
5239614
5245345
5247818
5251981
5254074
5264099
5264271
5267769
5268095
5269401
5269873
5270467
5271822
5272560
5273539
5274034
5274980
5277907
5291818
5292273
5292437
5293499
5296407
5296425
5297827
5298164
5299392
5302377
5305569
5305947
5307525
5309096
5313281
5313467
5315111
5318804
5320415
5322139
5329162
5331490
5331950
5332630
5334451
5343018
5347433
5349549
5352733
5352798
5356647
5357257
5357656
5358318
5361482
5372403
5379735
5380320
5380857
5380863
5382364
5384506
5391537
5392452
5393007
5398420
5400031
5407689
5413800
5417376
5421700
5422463
5441916
5445705
5456115
5456316
5457934
5459680
5460439
5461207
5464288
5471555
5480376
5483083
5486377
5490383
5491288
5491581
5491920
5492116
5498218
5498532
5499681
5504757
5510002
5516785
5517334
5528118
5530055
5535450
5544374
5545859
5555087
5559625
5559996
5564062
5564116
5568195
5571922
5572519
5572636
5574196
5584119
5584632
5589150
5589413
5591632
5592965
5593601
5595069
5595119
5596249
5596545
5597870
5601961
5603621
5605243
5606488
5609375
5610138
5611068
5612914
5620711
5622807
5626868
5628430
5630542
5630935
5633679
5634776
5635844
5637864
5640511
5644682
5644868
5645936
5647749
5651098
5659946
5662763
5671043
5676091
5679950
5681879
5682850
5682963
5686521
5693433
5697256
5698775
5705374
5708409
5708654
5709336
5712195
5720743
5721349
5727592
5731814
5737826
5743977
5744845
5745789
5747540
5749508
5755603
5774075
5776865
5779746
5779917
5786340
5787487
5788411
5798180
5800510
5802232
5802470
5805047
5805343
5807559
5810241
5814328
5814345
5814816
5816017
5820923
5820966
5824322
5826689
5828293
5831971
5832413
5841435
5842854
5844874
5849024
5849633
5851222
5853282
5858294
5858397
5859968
5866766
5873704
5879259
5882497
5882803
5883506
5883516
5883824
5884714
5885078
5885827
5887154
5889872
5893837
5896417
5898351
5900938
5903579
5908286
5910431
5910540
5912246
5913223
5913885
5918486
5922768
5927580
5929094
5930447
5930570
5937869
5939132
5952964
5955747
5960940
5961449
5966097
5969643
5974604
5977383
5978514
5978937
5985475
5985723
5986027
5986294
5986482
5986530
5986782
5992559
5993569
6000461
6002121
6004445
6018428
6018954
6025522
6026152
6027534
6029613
6032008
6034562
6038114
6051742
6055093
6055516
6057363
6058125
6058338
6059148
6060541
6064010
6075469
6078784
6086061
6094752
6095814
6096117
6096457
6101145
6112116
6116945
6121757
6122727
6131396
6131489
6131809
6138851
6140227
6140324
6142356
6147732
6148598
6152089
6155176
6156169
6167079
6170618
6171476
6172974
6174876
6182034
6182047
6185698
6189988
6191776
6197149
6198038
6199421
6200162
6200644
6205492
6211025
6212291
6214233
6216208
6222834
6229762
6229993
6230286
6230824
6230877
6233401
6251952
6255154
6265278
6266282
6270469
6271179
6272070
6274138
6277848
6280560
6289923
6294627
6295544
6304818
6307707
6307749
6308301
6310573
6310939
6312849
6315250
6315338
6320944
6325987
6327694
6328960
6329929
6330735
6332437
6332630
6332925
6335579
6338699
6340202
6340887
6346399
6353695
6363496
6366427
6373786
6377751
6377759
6378519
6379437
6382351
6383974
6388731
6389065
6393012
6397131
6399794
6400751
6404259
6405371
6406625
6411873
6414114
6419496
6425591
6428483
6441257
6443185
6443620
6444397
6449451
6450463
6457242
6457866
6462515
6467069
6472347
6475397
6476583
6477523
6482584
6485557
6486133
6487019
6487288
6491776
6497199
6498085
6512312
6512367
6528686
6534089
6542128
6543839
6543889
6554000
6556306
6563601
6564893
6566845
6572297
6572590
6574291
6575928
6575973
6576352
6576919
6581106
6583315
6585110
6589644
6589748
6592056
6600222
6601001
6604752
6606377
6608611
6608742
6610059
6611183
6617821
6621663
6623659
6626902
6629885
6630303
6635898
6641123
6643293
6643931
6643973
6647132
6656593
6662702
6669630
6669861
6670154
6670692
6670745
6673269
6678707
6684757
6686653
6691505
6696253
6697201
6699488
6704084
6710756
6713437
6715155
6721108
6721641
6721871
6726553
6727039
6728805
6730020
6732876
6735685
6740207
6740228
6741031
6742357
6747597
6748140
6754320
6760153
6763231
6766378
6769994
6771009
6771675
6772224
6774142
6779122
6782279
6782476
6787237
6787656
6790170
6795486
6797354
6799929
6800202
6805093
6807346
6808610
6809558
6811523
6812386
6812407
6813085
6813172
6814658
6817542
6823611
6824130
6825647
6828893
6828908
6829322
6833866
6838044
6840074
6840271
6843591
6847561
6848035
6849675
6851614
6853048
6860447
6860685
6867308
6867614
6868242
6868580
6869753
6870149
6873299
6873741
6873905
6876196
6877551
6879103
6880714
6881926
6882498
6882739
6884541
6887559
6890185
6890823
6891554
6893517
6895545
6897470
6898768
6900057
6900777
6901421
6901978
6906442
6917135
6917776
6926636
6935024
6936653
6937331
6941010
6946808
6953872
6953957
6959630
6960548
6962288
6962818
6963920
6966520
6969201
6973008
6974381
6975977
6979853
6980862
6980957
6986017
6987241
6989994
6999226
7000604
7002808
7007469
7011999
7015406
7015442
7015606
7017164
7021830
7026148
7026640
7028146
7028638
7028870
7035398
7040453
7042362
7043625
7043719
7044917
7045939
7046909
7048170
7050852
7050869
7051872
7057055
7058938
7059002
7069311
7070324
7071191
7072083
7072285
7076641
7082552
7088679
7101812
7104095
7104343
7106882
7109866
7120009
7121086
7124395
7127773
7128612
7128999
7129933
7130404
7130946
7130996
7132689
7137654
7137930
7138719
7139280
7143519
7148658
7149031
7152575
7163057
7164012
7164366
7165838
7167845
7169881
7171610
7171745
7173006
7173260
7175504
7178763
7181637
7184590
7187339
7188332
7189962
7199302
7199326
7208419
7208518
7217573
7221457
7224185
7229416
7229433
7235330
7235615
7235668
7241103
7258307
7270072
7271932
7278604
7279806
7281026
7285672
7289466
7290843
7299288
7299832
7304773
7312353
7312534
7313019
7314292
7317591
7317597
7319605
7321008
7325688
7329524
7331616
7332681
7337008
7348685
7349473
7351274
7351687
7352450
7354012
7355274
7368139
7368612
7368753
7373044
7373390
7378054
7382847
7384154
7385947
7387388
7389288
7391036
7391488
7392272
7392479
7394111
7401408
7401463
7403496
7403604
7406492
7412437
7416134
7417547
7418067
7422089
7422509
7436175
7439725
7443499
7449488
7452194
7452717
7455537
7457414
7467912
7477394
7481450
7482447
7482755
7493690
7494111
7494210
7499622
7501413
7504668
7508777
7514359
7523488
7526565
7533967
7535178
7536304
7536778
7541068
7542197
7545853
7552457
7554020
7557784
7559516
7560598
7561402
7561749
7562877
7564805
7566036
7570428
7570550
7572794
7581413
7582056
7583965
7589594
7590081
7590141
7590802
7593596
7596692
7600517
7600989
7601590
7604628
7606281
7608476
7609815
7611633
7611771
7616543
7616586
7617984
7618976
7623954
7624928
7625644
7627134
7627456
7627547
7629638
7630434
7634365
7644230
7649992
7653277
7654707
7656213
7662629
7671593
7675780
7676867
7678401
7682656
7684978
7686221
7686665
7688076
7688851
7689668
7689946
7693682
7697953
7697962
7698826
7704309
7705586
7706862
7706902
7710966
7715176
7721496
7725995
7727403
7729622
7730444
7731852
7734905
7738260
7745552
7747306
7748703
7752703
7756761
7757368
7762064
7762996
7763427
7764308
7768960
7769892
7770073
7783483
7788162
7789191
7791275
7809039
7818352
7818812
7818832
7819196
7827554
7828622
7835207
7835312
7836520
7837893
7838079
7838458
7838844
7839105
7842422
7845561
7847626
7852529
7858395
7859469
7860441
7862800
7863169
7866250
7867243
7868086
7871562
7877650
7885882
7887487
7890679
7892181
7896617
7908993
7909677
7909813
7910469
7915884
7917307
7919396
7919960
7935714
7940865
7941778
7942201
7950422
7954626
7956017
7957698
7958489
7961919
7962808
7963606
7973515
7974294
7974379
7979512
7980203
7981683
7985243
7986085
7988072
7990851
7991267
7993768
7994889
7995485
8001161
8001259
8007150
8012705
8014851
8018170
8026756
8027050
8033438
8034500
8043588
8046373
8050413
8052635
8067929
8068023
8068271
8068526
8077936
8078771
8084782
8091168
8091559
8091804
8093993
8096472
8097542
8099456
8099556
8103160
8105700
8106284
8106298
8110313
8112714
8113383
8117645
8121778
8123117
8123343
8133347
8133791
8134678
8135407
8139291
8140053
8148059
8152825
8153408
8154923
8158292
8168738
8170265
8173455
8174542
8174641
8177091
8177341
8177492
8179054
8186493
8189331
8189957
8190084
8193935
8204868
8205068
8206259
8206418
8209519
8211377
8211427
8213348
8213617
8216911
8217182
8218462
8220563
8236172
8243493
8253701
8256101
8261909
8262483
8264824
8265302
8271814
8272090
8272423
8277485
8283344
8287286
8289464
8295122
8295546
8300452
8301316
8303947
8310661
8311869
8313977
8315453
8325621
8325652
8329442
8331337
8332136
8332808
8332956
8334279
8339611
8340131
8348556
8350194
8352832
8355225
8358017
8362156
8362732
8369273
8369357
8369771
8371206
8372805
8389894
8393300
8394373
8396323
8397158
8397985
8398994
8399222
8399760
8401255
8402137
8403243
8405360
8408042
8413154
8413957
8415368
8417512
8420100
8421418
8423701
8428668
8436080
8436356
8440107
8440456
8440563
8446849
8449464
8451684
8452940
8456778
8457399
8465538
8467908
8476485
8478878
8481285
8482008
8482209
8482406
8482697
8483801
8485233
8490391
8490821
8494935
8495888
8498814
8500773
8501224
8502886
8505273
8506406
8508622
8511708
8512662
8514538
8515908
8518063
8520894
8522720
8522768
8522886
8525538
8527415
8527421
8542093
8542336
8542852
8565368
8566137
8569774
8573544
8574918
8584528
8584713
8585319
8586176
8589703
8592679
8593341
8595673
8596398
8596736
8602197
8611745
8612138
8613377
8615170
8616321
8617889
8620360
8628217
8628352
8628674
8629739
8632327
8632386
8632392
8636946
8637525
8638043
8640429
8643411
8644779
8650187
8654866
8655880
8661259
8662486
8662537
8679276
8680695
8685329
8691683
8693328
8696983
8702663
8703022
8703933
8709103
8709235
8710649
8711618
8712732
8713017
8719119
8724483
8727391
8728111
8728920
8729794
8734428
8735381
8735824
8742816
8744499
8746278
8746757
8747271
8752129
8753117
8753793
8753803
8755403
8756301
8757956
8757964
8762877
8774297
8775469
8777990
8779798
8787450
8789020
8789844
8796279
8798435
8801251
8801821
8809713
8810449
8813439
8813476
8821446
8828068
8839587
8841307
8841541
8846465
8847261
8852866
8855963
8856244
8857052
8863089
8863872
8867697
8871654
8875597
8876999
8877837
8878841
8883107
8888647
8895342
8900779
8904084
8905207
8908651
8914842
8919132
8926909
8941371
8959098
8959524
8964400
8964930
8965867
8968229
8969930
8970131
8975558
8985595
8988267
8990902
8991869
9002715
9004177
9004715
9005236
9005760
9007424
9011022
9011633
9014072
9017861
9021139
9021350
9022388
9024325
9025097
9026207
9028060
9028650
9030869
9037119
9040757
9042143
9043150
9043658
9044848
9047935
9049158
9050492
9054240
9055307
9060046
9060335
9061824
9063052
9070067
9072828
9076259
9076532
9077028
9077707
9078551
9080397
9081494
9082051
9086767
9087803
9092562
9097280
9102354
9103032
9103483
9103917
9108362
9109989
9114554
9115904
9116243
9117756
9124016
9130897
9132662
9135817
9139276
9145045
9151642
9160855
9163086
9163936
9164042
9164122
9170829
9172323
9172360
9174260
9178939
9187791
9191331
9191569
9193103
9194015
9195205
9196491
9196759
9196804
9209418
9210239
9214062
9214494
9219791
9221335
9222954
9224954
9225209
9228110
9233480
9239317
9242516
9243531
9245270
9246120
9251491
9251531
9257782
9257890
9259899
9260136
9264026
9267098
9267243
9267374
9269667
9269741
9270414
9281869
9283741
9287103
9288466
9289517
9289716
9290863
9295323
9302321
9303880
9303968
9307938
9316642
9317492
9327893
9330708
9337475
9339729
9340450
9342184
9342219
9344573
9349832
9357665
9360939
9361733
9364757
9365961
9367283
9371353
9371889
9377919
9380026
9384456
9386796
9387937
9390329
9390806
9391866
9392030
9394634
9394916
9395738
9397231
9399828
9405510
9406318
9410130
9411365
9412946
9414445
9417625
9418620
9421840
9426229
9426785
9426792
9431220
9433815
9433876
9438730
9441029
9448553
9464949
9467364
9467711
9470182
9470890
9477441
9479268
9481473
9481747
9488526
9488979
9491438
9491881
9492969
9493578
9494787
9505738
9509490
9510014
9513025
9513968
9515691
9518644
9520485
9525928
9530165
9531800
9532525
9534007
9537380
9540747
9542028
9549318
9559820
9559844
9564770
9569483
9573862
9574460
9575235
9576837
9580776
9585863
9586296
9586398
9596493
9598758
9616258
9617435
9620970
9626216
9640887
9642175
9649005
9649333
9655345
9655932
9656945
9658234
9659770
9660367
9664835
9671409
9672443
9672719
9673616
9674654
9678237
9679107
9683298
9685098
9692027
9696582
9697609
9711191
9713116
9714856
9718369
9722799
9723021
9723528
9731026
9731162
9731566
9733367
9735181
9735289
9737140
9743353
9743440
9746109
9746322
9750790
9751733
9753106
9754549
9760882
9761177
9761689
9762576
9766167
9766201
9766488
9767171
9770656
9775582
9779932
9789107
9789973
9794785
9796069
9797796
9798553
9798845
9800450
9804339
9806021
9813193
9817608
9819460
9821338
9824107
9826790
9831442
9832374
9832982
9839074
9839125
9844901
9848597
9854904
9860152
9860836
9862613
9862770
9863052
9869428
9869974
9870372
9878212
9879358
9887437
9891146
9891396
9892277
9892424
9897218
9900040
9900376
9902515
9909621
9917540
9923045
9923795
9924152
9925480
9934038
9934994
9944249
9945280
9946392
9959829
9959862
9959953
9961317
9962385
9966162
9966849
9968609
9977340
9978977
9981468
9990510
10001883
10002966
10011406
10015461
10019366
10021791
10021944
10023881
10025471
10026927
10028590
10036249
10037343
10039369
10047620
10048311
10048334
10048715
10050394
10058849
10059591
10064243
10065175
10066851
10070899
10073044
10073128
10081028
10086059
10087744
10090599
10090907
10095492
10095592
10101330
10105401
10105442
10107299
10107809
10120853
10121062
10121110
10127403
10128780
10128903
10133340
10134910
10140220
10140238
10142069
10143124
10145965
10148538
10148582
10149281
10153120
10155491
10162611
10162620
10168117
10175035
10175171
10178920
10179056
10182805
10182941
10185079
10190522
10191363
10196058
10196990
10197428
10197436
10198312
10199936
10201317
10207599
10208007
10209082
10210805
10213622
10215632
10217525
10224859
10229642
10231373
10234106
10236190
10239809
10240435
10245758
10246719
10247746
10249995
10252820
10258068
10260307
10261287
10263730
10270989
10271436
10287013
10287774
10288730
10290871
10291099
10293594
10297366
10297760
10302177
10305519
10307404
10307461
10318494
10321762
10328894
10328929
10329763
10330171
10330903
10334639
10335567
10337087
10337162
10342689
10348172
10359653
10365171
10366160
10370002
10372576
10376846
10383638
10388462
10389151
10389726
10391168
10394020
10397470
10414706
10421263
10426002
10427258
10430378
10434090
10435983
10437447
10440764
10446177
10446805
10451922
10455378
10456315
10461792
10462484
10464202
10467339
10470203
10486357
10491179
10493481
10494278
10501490
10501874
10505995
10506621
10507759
10508178
10515144
10517265
10526385
10527787
10533376
10535381
10540924
10544449
10546175
10552551
10553858
10553986
10554360
10565372
10571579
10579646
10584348
10586820
10591519
10592265
10596397
10598943
10599478
10602397
10606161
10607673
10609121
10617703
10623947
10624492
10627048
10635348
10641021
10643340
10646427
10654517
10654856
10658635
10663738
10664710
10668430
10669832
10670972
10682644
10684518
10687746
10690199
10699553
10699561
10700241
10700928
10701208
10702173
10702341
10705219
10705882
10709811
10710148
10710342
10717276
10720981
10724502
10726756
10727831
10731569
10732174
10736001
10736035
10738224
10739076
10739288
10740689
10746589
10750947
10755909
10756152
10762423
10763036
10763453
10763529
10767477
10767847
10771789
10773086
10773958
10786689
10790642
10792384
10801973
10802413
10802506
10803138
10805742
10806745
10807034
10809143
10809792
10810819
10813553
10813565
10817676
10817758
10819568
10820692
10820952
10822154
10823417
10824122
10826739
10829488
10830432
10834578
10834620
10835160
10837926
10845134
10846491
10846535
10846941
10856417
10858694
10859939
10861094
10862517
10863972
10866064
10866662
10868060
10876441
10876672
10885052
10887142
10890805
10891300
10895415
10895840
10903168
10903176
10907579
10909372
10920456
10926887
10929456
10947203
10947350
10947780
10949472
10949491
10953666
10954059
10958931
10962609
10962637
10983819
10986096
10992253
10996376
11005046
11005870
11008915
11012181
11013354
11013895
11016239
11017515
11018429
11018806
11026322
11026518
11026571
11037153
11038516
11039812
11042317
11052027
11055268
11059399
11059611
11061437
11080101
11080550
11084311
11092705
11094085
11097892
11099505
11105807
11105856
11105968
11107496
11112955
11113787
11119849
11122796
11127704
11132587
11132765
11136127
11143170
11144799
11144920
11146848
11149946
11153018
11153203
11154157
11157733
11163417
11163838
11164355
11167060
11167075
11184015
11185113
11188587
11190564
11192174
11193547
11193590
11195361
11199441
11202787
11205712
11207944
11209616
11210225
11210803
11210988
11211689
11216585
11221862
11222765
11233113
11238042
11239651
11244599
11244618
11247210
11253500
11261892
11264539
11269014
11271292
11272180
11275738
11278927
11283671
11291292
11292110
11299290
11306992
11307877
11309338
11313176
11313636
11315787
11319038
11323172
11325467
11327262
11328813
11330704
11334354
11334406
11338280
11344366
11345106
11349443
11350052
11355045
11355705
11361205
11363423
11365887
11366662
11366890
11368588
11370795
11386573
11387086
11392394
11397695
11399378
11399403
11403897
11407954
11415029
11416655
11432621
11433413
11440081
11440522
11442291
11443109
11450965
11452264
11454232
11457924
11469165
11472026
11474931
11475404
11481806
11483406
11483800
11488490
11492766
11494282
11495070
11498632
11501336
11505158
11506628
11506648
11507881
11510036
11512234
11512879
11513597
11514629
11520234
11522381
11526043
11526562
11533505
11538758
11540878
11544120
11545432
11546983
11548063
11552127
11557184
11560015
11560900
11561619
11566755
11570952
11576193
11581515
11582605
11585983
11586557
11589943
11592221
11593976
11596300
11596307
11597860
11598593
11598944
11599027
11604149
11614732
11615898
11619638
11625179
11628380
11635895
11639446
11640381
11640408
11641626
11649409
11654607
11659060
11663818
11670330
11671182
11676206
11682068
11684688
11685516
11688303
11688661
11692771
11694869
11696806
11696947
11699048
11702382
11702856
11707616
11708748
11717881
11718368
11719683
11720570
11721155
11722334
11726608
11727834
11732789
11733807
11734121
11739385
11742643
11746071
11746791
11746890
11753983
11759618
11761112
11765545
11772958
11773327
11774967
11783683
11789119
11789633
11791473
11793310
11795636
11796194
11796474
11808559
11813101
11815716
11818270
11819121
11819304
11821083
11821827
11822055
11822792
11829459
11830435
11831955
11833359
11833856
11833990
11834186
11834239
11849982
11851576
11854578
11861249
11863965
11866799
11867036
11870207
11873725
11874714
11880870
11885490
11885967
11889284
11892311
11894775
11898641
11898676
11898875
11901574
11903120
11904867
11909502
11910455
11913053
11914844
11915209
11915225
11922685
11923533
11923852
11924534
11925108
11926062
11926442
11931437
11931538
11933156
11935774
11938577
11943232
11951155
11951161
11953245
11955991
11963513
11965169
11967100
11967379
11969333
11969585
11972192
11972925
11975304
11979466
11981090
11983612
11985695
11987535
11989966
11995906
11997389
12015014
12015554
12016209
12026619
12030520
12031048
12034921
12039851
12047171
12051196
12052330
12053090
12062061
12066684
12068477
12069139
12069370
12069663
12070201
12070254
