Reverse Complement
ata_reverse_subs.txt
TATAAA
3098
4473
5791
6204
6392
9904
10143
11460
13423
13630
14425
15500
17030
17175
17302
23577
24402
26820
28231
28499
28568
28722
32847
33631
35353
36307
39167
40748
42017
42598
43390
49780
51378
53592
57344
58971
63198
66699
73071
77751
78612
78620
79710
83392
83605
84233
84624
87267
88848
92157
97494
97826
98444
98813
99891
100055
100239
100424
110680
110695
110722
115036
116446
122658
122873
122930
123532
127383
127712
127720
128810
132492
132705
133299
133307
138767
139823
140763
141580
142041
142402
142515
145218
146613
148798
149592
150913
152022
152480
155222
161106
161280
162306
163586
163889
163929
163955
164177
167667
167867
168584
170471
172427
174247
174819
174961
177581
180654
181747
183155
186793
187164
188906
189432
189629
190383
193196
193379
199196
199266
199332
200885
201104
201817
201912
204684
204777
207293
210288
212702
213068
214981
215749
216607
218778
218796
219990
220949
221734
223847
228270
231353
231412
232642
233574
237358
238073
239504
243814
246362
246441
246563
246647
250696
251094
251282
252649
257241
258069
258696
261788
266364
267178
269296
270324
270967
273718
274696
274739
274862
275186
277618
277912
281975
287088
288988
289023
289816
291714
297042
298967
299000
299438
300769
300978
301011
301449
306201
306744
307499
307677
308585
308709
308722
310929
311419
312933
313181
313704
313892
315692
317056
317730
321078
323166
324629
325581
326110
326305
326742
327539
330518
330854
331246
335960
337559
337584
338441
338709
341204
343371
346865
349210
349834
350952
350997
351088
351543
353692
354262
356028
356358
358947
359688
361153
364769
367848
368088
368288
368549
369332
369431
369525
369874
370342
371179
373377
375732
380131
381867
387780
387868
389885
390942
392108
392546
394555
394736
395132
395570
395684
395899
397923
402528
403163
404760
409188
409362
409748
409948
415317
415861
417683
419335
420160
420307
420712
422599
423331
425621
426562
426792
428182
428958
429048
429680
430065
431262
431892
432244
432874
440765
441101
441681
444690
445065
448154
451217
453826
455549
456488
458499
459750
461940
465733
465740
466287
466352
466384
467782
468398
468427
468590
471551
473427
475520
476197
476534
476922
477689
480180
482810
482933
483373
500692
502042
506043
509991
511497
512105
512161
512686
514540
517200
517331
517893
518745
519140
519883
522634
522965
523035
527089
530385
530601
530990
531561
533014
533748
533872
534801
537297
538933
539494
540513
541141
541246
542871
547241
548522
548779
549989
553525
555214
559375
561793
562198
563459
563511
565471
566588
568465
568592
568755
568884
568891
569066
569250
569699
570160
576026
576790
