P:\CS423\lab1\chr05_tata_subs_tatata.txt
TATATA
444
704
1696
6583
6834
7133
9027
9127
10332
10393
17711
21959
22075
22135
22287
27212
28091
29193
31124
31130
31136
31461
31506
31512
33269
34795
37270
40336
41053
41233
42264
45156
45752
45890
48256
48281
49061
49966
50278
51008
51758
51806
51812
51820
54969
56950
57445
57903
57913
58526
58668
61170
62613
62619
68622
73346
73961
74290
79504
81082
82424
83238
87770
87811
87821
89511
91967
95512
98027
99554
100085
101483
104882
105200
106173
106185
111014
113594
118491
119661
126799
128129
132051
138758
139110
139406
139412
141593
142161
143343
143671
145527
146161
147608
147923
153864
154903
161314
166595
169223
169229
169242
170242
171323
172035
172140
172175
176041
176509
176529
179818
180173
180659
181043
181951
182819
182826
183330
183561
183880
184638
186693
187831
188088
188851
190093
196267
198092
198289
199050
199744
199816
200431
209707
209859
209919
214378
214985
220043
220212
220877
222988
223439
223737
224830
225326
227272
227617
229398
229434
236046
236458
236719
237708
240880
244411
245202
248330
248866
249875
251695
251838
251874
253852
254460
255100
258823
259294
259634
260781
264730
266130
267088
269060
270788
270796
270802
270808
270814
271027
274363
277231
277454
277506
280186
281246
282782
283037
284788
289840
289977
290950
293054
297107
297220
299892
301734
302065
310440
316743
318506
318664
320835
321353
322362
324745
326595
327831
330417
330552
331451
331678
331867
331955
336370
338605
341600
342508
342962
342993
349458
349468
349572
352448
352562
352849
352855
352957
355987
356356
356364
356762
357057
364082
364088
364094
364108
365737
366679
366685
367809
368845
370478
370604
372282
373514
377123
377656
378764
380541
380561
380567
389984
390271
390380
391540
391662
394351
394650
394664
396194
396312
397502
397517
397551
399634
399874
400403
401336
404659
414347
416209
419499
421407
421488
422570
423011
424178
426849
427812
428131
428138
429209
433701
434838
438565
441070
442375
446592
446664
450508
456084
464275
466003
466188
466499
466561
467154
467242
467856
471517
471707
478769
478806
480847
482142
483312
485165
486426
486520
487236
487247
489190
489200
489206
489682
494623
496704
497599
501092
504521
504527
506999
507291
509081
514862
518561
520835
522919
522998
523005
524491
524534
526547
528460
530269
531497
531598
538503
540727
540735
541892
545117
546800
546858
547029
547062
548151
548172
549804
550582
550936
553477
555104
557743
557937
558023
561435
562642
564168
564188
567304
568537
568914
569855
569871
572864
572983
579606
581110
581351
581516
582048
582064
582326
583802
583808
583814
583820
583826
583832
593370
593600
596159
596980
597097
601039
606019
606027
606705
608794
608814
610577
612992
615667
616208
619779
619851
621397
621818
622170
628721
631847
634884
638195
638523
639198
639446
639878
644246
648362
652850
655173
656086
656273
656702
657300
657319
659393
661248
661524
662862
663269
663455
666793
666946
669976
673175
673810
675204
675226
679431
680863
682302
683748
685523
688009
692123
692891
692975
699838
700092
703926
704235
704516
706776
706999
707127
707291
707297
707303
707635
707745
709281
709552
711497
711539
714026
714062
717178
718621
719009
719019
720764
721321
721373
724555
725763
729580
729998
731983
732712
733583
734508
735676
738272
743877
745792
747520
749612
751757
753515
760966
762137
763295
763457
763824
765057
765267
766377
767322
768048
769935
770063
771401
772337
776266
777446
779358
779524
781047
783654
786413
786419
789965
789971
789977
790034
791241
791742
793037
793160
795648
797842
798920
799458
799962
799980
800180
803843
806277
806348
808924
809285
811600
811812
813401
813610
814863
819620
820328
820475
825236
826121
826188
826198
826207
826217
827282
828608
829189
829310
829344
830499
830611
830623
831312
831581
832774
833646
836046
837414
837498
840222
841841
842314
842416
844356
848267
850597
852195
852229
852915
854269
854930
855051
855064
859100
859106
859118
859127
859133
859297
861759
865104
866814
873765
876287
876295
876303
876315
876321
876327
876333
880331
880465
880471
880655
881463
881476
883323
883346
885593
886686
887708
888478
888854
894183
895155
895188
896863
898090
898660
901952
903747
905415
909694
910348
910786
910813
914972
915617
915623
922825
924749
924859
928512
930240
930539
930545
930553
932061
932074
932210
932216
932222
932228
932234
932246
932771
934545
937067
937618
938284
942990
943002
943014
943026
943747
944964
948237
948332
948713
952376
953264
956794
957029
958495
959912
962435
962742
963065
964940
964960
965009
965876
969841
970935
971261
971550
972244
972253
972964
973606
976288
978085
979329
981448
981485
983865
987366
987372
987668
987810
993619
993847
995134
999075
1003577
1003949
1004579
1004650
1011454
1012592
1012602
1013690
1013789
1014601
1014876
1015967
1016391
1016546
1016826
1018637
1019343
1019922
1021056
1022555
1025593
1028853
1029610
1030886
1032300
1032319
1032782
1034767
1035159
1037495
1038054
1038165
1038545
1039923
1039949
1040512
1042341
1042671
1042926
1044134
1045514
1046897
1047849
1047896
1051304
1051869
1052387
1052590
1052596
1052604
1055720
1055726
1055747
1056465
1056635
1057462
1057637
1058261
1060354
1062638
1065770
1065776
1067336
1067391
1067910
1072375
1074219
1074550
1074561
1081175
1084199
1084720
1085293
1086997
1087896
1087984
1090356
1090362
1090374
1090386
1091999
1093707
1093713
1093719
1093725
1095786
1095792
1095798
1095819
1098278
1099427
1104174
1104660
1104682
1104938
1106135
1106141
1106147
1107934
1108686
1109258
1109268
1111262
1111836
1114797
1116777
1117392
1117470
1118712
1121408
1122160
1124633
1125713
1125730
1127444
1129129
1133078
1134674
1134680
1135912
1136108
1137890
1137900
1137968
1138201
1141337
1144785
1145239
1147949
1148977
1149000
1150940
1151388
1152281
1152287
1155815
1156637
1157901
1158724
1158933
1159884
1160191
1160735
1162602
1163595
1165841
1167648
1168972
1170168
1171358
1172707
1173550
1175559
1176635
1176692
1177091
1180976
1182482
1182490
1184565
1184864
1186066
1186794
1187528
1187921
1190473
1191247
1193225
1194441
1194894
1197358
1197364
1197379
1198142
1199349
1200678
1206745
1210056
1210119
1212316
1212323
1213199
1214399
1214812
1215626
1216169
1220062
1220388
1220809
1221673
1222030
1223928
1229049
1233655
1233661
1233671
1235133
1236480
1237186
1237730
1241061
1242878
1242884
1242903
1243621
1243791
1249323
1250214
1253255
1253978
1257251
1257263
1257275
1257305
1261654
1263627
1263772
1267658
1267668
1267678
1267684
1268155
1268161
1268167
1268592
1271886
1276488
1278560
1281459
1283443
1284138
1285930
1287724
1288123
1291363
1291369
1291375
1292565
1293506
1293516
1297633
1302598
1302688
1302694
1303408
1303414
1303420
1306308
1306491
1307363
1308421
1310694
1315653
1315670
1316605
1316793
1318365
1320376
1329842
1330557
1332592
1334624
1334781
1335134
1335516
1335956
1335962
1335968
1336510
1336516
1336537
1337987
1338029
1338081
1338577
1338642
1342119
1342292
1342985
1344925
1346388
1347558
1351654
1352357
1353540
1353677
1358580
1358900
1358906
1358912
1358918
1359256
1359510
1360555
1360810
1361143
1363158
1368241
1368643
1369888
1371504
1372064
1372915
1373530
1374567
1375766
1376164
1377531
1380114
1380464
1380528
1380534
1380540
1380546
1380552
1380558
1381221
1381355
1383939
1384046
1391867
1393332
1393338
1393349
1396633
1398312
1403716
1403956
1405926
1405950
1406106
1410680
1416978
1416990
1416996
1417002
1417010
1417018
1420526
1425784
1426208
1427605
1432753
1434043
1435510
1439164
1439465
1444134
1444200
1446040
1448048
1448079
1448189
1449881
1450644
1452417
1452493
1453958
1454512
1455876
1458097
1461953
1463143
1464041
1464641
1464655
1471111
1473246
1474639
1475900
1478534
1479297
1482190
1483742
1483788
1483862
1489053
1490071
1490236
1490248
1491056
1491456
1493319
1494772
1495518
1497534
1498858
1499414
1501154
1502809
1505034
1505688
1505766
1507698
1516456
1517184
1517971
1519065
1519244
1520029
1520852
1520921
1520929
1523412
1523420
1524049
1529143
1529825
1529837
1529843
1529849
1533036
1534102
1539881
1544635
1547630
1547956
1552371
1554319
1554444
1555045
1556460
1559818
1561618
1561626
1562232
1565317
1571320
1571326
1571822
1572103
1572192
1572493
1572724
1573319
1575691
1579629
1579637
1581954
1586212
1586820
1586826
1586832
1586838
1586844
1586854
1586860
1587269
1587279
1588724
1588991
1589549
1589558
1590578
1592289
1592588
1600142
1600148
1600154
1601332
1602297
1606719
1607125
1607213
1607296
1611333
1613540
1615183
1616582
1616588
1618814
1619712
1622059
1624639
1627485
1627740
1629124
1629635
1630005
1630052
1635077
1640234
1640242
1644464
1644485
1645376
1651957
1652367
1652375
1655017
1655691
1656653
1658298
1661348
1661471
1662257
1663107
1664242
1664860
1666602
1666611
1667844
1669472
1669660
1669736
1671815
1674062
1676796
1676926
1679132
1680526
1681494
1683681
1683687
1683693
1683699
1685086
1686365
1686569
1689644
1689650
1689656
1689662
1689780
1689790
1690546
1690559
1690930
1691947
1693611
1696241
1698255
1700805
1704007
1704013
1704019
1704025
1711117
1711127
1711515
1714034
1716770
1717012
1719776
1722481
1722644
1728363
1730969
1730975
1730981
1730987
1732075
1732592
1732623
1733930
1735615
1738823
1741053
1741736
1749077
1752508
1752723
1753740
1755321
1755639
1757232
1757638
1759327
1760719
1760878
1761357
1761507
1763626
1763643
1764578
1765188
1765264
1765297
1769930
1771084
1771669
1773612
1773845
1774898
1775021
1775034
1775092
1777004
1777339
1777549
1781648
1783398
1783803
1787252
1788417
1790971
1791055
1793065
1793247
1793255
1793726
1795283
1795518
1795623
1796586
1797438
1799395
1800335
1800936
1801014
1803155
1803676
1804320
1804483
1804489
1804503
1806433
1807106
1807647
1808761
1809569
1810188
1810194
1810200
1812748
1812760
1813718
1813759
1815030
1815666
1816647
1817890
1818261
1821574
1822818
1823295
1825608
1829888
1831837
1833811
1837205
1837829
1838970
1838980
1842285
1842576
1845444
1845957
1846328
1847575
1849326
1849441
1849447
1849453
1850981
1851622
1853270
1857582
1861629
1863916
1863975
1864696
1864832
1865233
1865239
1865245
1866459
1869499
1873323
1873388
1873593
1873641
1874758
1878705
1884742
1885327
1898732
1898738
1898744
1898750
1898756
1898771
1901183
1901335
1901694
1903637
1904770
1905752
1906480
1908243
1908359
1910500
1911433
1911591
1915325
1915707
1916670
1918301
1918317
1921011
1921019
1921039
1925721
1925940
1926103
1927604
1929165
1934060
1935834
1938399
1943413
1947979
1948401
1948527
1950006
1951548
1952097
1952268
1956703
1958216
1958450
1962070
1962162
1962701
1963620
1963947
1963983
1966527
1972026
1974223
1974781
1975776
1976260
1976786
1978369
1980217
1980807
1980982
1980988
1983543
1984757
1985170
1985912
1986401
1989929
1990633
1990641
1993264
2000001
2000014
2004263
2005359
2005366
2006573
2012637
2012654
2012967
2014616
2015653
2017869
2019608
2021093
2022225
2025774
2028301
2028308
2028719
2028778
2033417
2033473
2035859
2037317
2038114
2040449
2040459
2041573
2041972
2041978
2041986
2042642
2042669
2042675
2046582
2047486
2048127
2050076
2050868
2051387
2051393
2052858
2057967
2057973
2060178
2060236
2062690
2062807
2063147
2063428
2064194
2064431
2070960
2073247
2076744
2079996
2080396
2080846
2081617
2086817
2087821
2093086
2093376
2094664
2095162
2099698
2100183
2101921
2101927
2103988
2104016
2104146
2106487
2106639
2108419
2109499
2112838
2113419
2115147
2115240
2125013
2126567
2126654
2134213
2135792
2136360
2139910
2140245
2140253
2140592
2140922
2143363
2150094
2152069
2153276
2163098
2164183
2165696
2166297
2166463
2170471
2170477
2170483
2172962
2172968
2173043
2173151
2176842
2177682
2177776
2178978
2179397
2179670
2179825
2184422
2186627
2188652
2189137
2190269
2190547
2192478
2198180
2198195
2200422
2200428
2200434
2200444
2201388
2203505
2203511
2203521
2205167
2205825
2208203
2208440
2208449
2210229
2210244
2212022
2212408
2212570
2213584
2213911
2215371
2218035
2218916
2218923
2219211
2221990
2224867
2224873
2224879
2228771
2230633
2230986
2231396
2231627
2232752
2236701
2238195
2239374
2245540
2245696
2246308
2246935
2246979
2248962
2249478
2252680
2254687
2259531
2259573
2263651
2264121
2265453
2267663
2271716
2274262
2274747
2274843
2275353
2276031
2276049
2276361
2276367
2281881
2281904
2282819
2284699
2286137
2286169
2286228
2286582
2287353
2289383
2290370
2290377
2290383
2290963
2290969
2290975
2290997
2292709
2293606
2297551
2297578
2303713
2304871
2305218
2306073
2306080
2306703
2308519
2310446
2310526
2311730
2312470
2314489
2316643
2317710
2318221
2318459
2318587
2320955
2321497
2323506
2323945
2324671
2324707
2331756
2333293
2334327
2334335
2334757
2337471
2339296
2339898
2340077
2342101
2346050
2347795
2354075
2354225
2355307
2355806
2358415
2365508
2372170
2373166
2374258
2375934
2376891
2376897
2377739
2381725
2383125
2383341
2383611
2385013
2387569
2389264
2390528
2390706
2391709
2395165
2396917
2397906
2398097
2398226
2399610
2400742
2401002
2403112
2403118
2405335
2405748
2410278
2410449
2412390
2412567
2414876
2414884
2415935
2417676
2417722
2417912
2417972
2418086
2419533
2421453
2424461
2425347
2427462
2428379
2428409
2428641
2431829
2438720
2440316
2448952
2449077
2449101
2455496
2460608
2462282
2462425
2463270
2466031
2468233
2468259
2469876
2469882
2470387
2471849
2472316
2474276
2476025
2480506
2482870
2484953
2485284
2486220
2486226
2489540
2490865
2494169
2500521
2500549
2504851
2506046
2508499
2509485
2514092
2517949
2522850
2526956
2526962
2527342
2528788
2530195
2530223
2530892
2532275
2532309
2532890
2534979
2535249
2535256
2538316
2540428
2549973
2551831
2554048
2555183
2559922
2571536
2572629
2572645
2572655
2573769
2574937
2576775
2577757
2579503
2580957
2581005
2581013
2584540
2584546
2584576
2585123
2589156
2589219
2589225
2589233
2595594
2598251
2598674
2599026
2599032
2599038
2599044
2599055
2599926
2601073
2602759
2603105
2606105
2606470
2608043
2608051
2609109
2609933
2611723
2613519
2614653
2614906
2618128
2621811
2626327
2627027
2627397
2629463
2632199
2636390
2638505
2638988
2639151
2644031
2645425
2648061
2648976
2652366
2653162
2653191
2653320
2654108
2655469
2657521
2658656
2659862
2662752
2663061
2665378
2671784
2674982
2675065
2677782
2679635
2681238
2681977
2681983
2681989
2683392
2683417
2683772
2685487
2685785
2688463
2688720
2690027
2690882
2692897
2694548
2698181
2699441
2700780
2704136
2705184
2705190
2706649
2708161
2710923
2712025
2713090
2713184
2713341
2714620
2715881
2716037
2717441
2717711
2718734
2720984
2722177
2722301
2725008
2726243
2728130
2728688
2729505
2729774
2740396
2742189
2744151
2745080
2745401
2745466
2745472
2745478
2745484
2746573
2746585
2748505
2753221
2753243
2753481
2754755
2757962
2759546
2763095
2770284
2771192
2771926
2772277
2775204
2776875
2778454
2778464
2778470
2778476
2780362
2784796
2788266
2788284
2788294
2789056
2789560
2791936
2794675
2794693
2795905
2796191
2796613
2799124
2801334
2801391
2803573
2803707
2805140
2805817
2809231
2809666
2810044
2810130
2810854
2811241
2813034
2814938
2816158
2819325
2820537
2821857
2822142
2827815
2828457
2828594
2829795
2830455
2830997
2831479
2833022
2834801
2834888
2834912
2836611
2837487
2838395
2838401
2840170
2845458
2845538
2845544
2847299
2849932
2853423
2853660
2854202
2854318
2855867
2856037
2856043
2859142
2859578
2861398
2862267
2862718
2867609
2867886
2872074
2874965
2875373
2875651
2877978
2878802
2880771
2882643
2883705
2884702
2884961
2885453
2898630
2898728
2899943
2899970
2900198
2901451
2902091
2902202
2902449
2902901
2903860
2904797
2906592
2906618
2908160
2908180
2908262
2911136
2912483
2913077
2913861
2914712
2916414
2917351
2917985
2919478
2921629
2923381
2923387
2923393
2925505
2925524
2928277
2928426
2929905
2930507
2931021
2931493
2934298
2937800
2938154
2940293
2941931
2945775
2947197
2951510
2953568
2954038
2956736
2957256
2959006
2959012
2960896
2965295
2965307
2966010
2967735
2969959
2972053
2972822
2973073
2973206
2974911
2977429
2977587
2978254
2984745
2985857
2988826
2991517
2992256
2994284
2994755
2996951
3000363
3003120
3007764
3007988
3009406
3010498
3010504
3010510
3010516
3011965
3012302
3012317
3013120
3013241
3014280
3014330
3015509
3017379
3020324
3020628
3020725
3023275
3023711
3023725
3024237
3024486
3024492
3024498
3024522
3028121
3028926
3032264
3035915
3036141
3036239
3037527
3038724
3039831
3040522
3043168
3043175
3043981
3046532
3047514
3047965
3049283
3049454
3049466
3049905
3050092
3051475
3052385
3054418
3056396
3058008
3064518
3064524
3065056
3068055
3076143
3076373
3079314
3081304
3081310
3086192
3086307
3089019
3090486
3090511
3090517
3090523
3092849
3094023
3094928
3096941
3099236
3099264
3100400
3100612
3100701
3100749
3100757
3100775
3105892
3115097
3115213
3117645
3117701
3117707
3117713
3117725
3120237
3126744
3126785
3127487
3129426
3129445
3130080
3130465
3131327
3131399
3131795
3133313
3133347
3133746
3138720
3138857
3141017
3141969
3141976
3143217
3143500
3148198
3148222
3148228
3148234
3148240
3150025
3151518
3153097
3153746
3155085
3155608
3156070
3158269
3161289
3162430
3163365
3163382
3163392
3164058
3166330
3168393
3170193
3172756
3173400
3176303
3176309
3176315
3176321
3176327
3177074
3177108
3178972
3182169
3183818
3184950
3186796
3187003
3189093
3189966
3189974
3189982
3190734
3191975
3193669
3193703
3195190
3195200
3195790
3195859
3197751
3197846
3199162
3199490
3200071
3201306
3204385
3205492
3206092
3206175
3208689
3208913
3210384
3210717
3210755
3211528
3211627
3214041
3214496
3216137
3217908
3219423
3224256
3224337
3227822
3227834
3229509
3231600
3234242
3235122
3235202
3239115
3240516
3241039
3245711
3246350
3247043
3249170
3250808
3252292
3258504
3259670
3262409
3265282
3266616
3268995
3270623
3277636
3279741
3280032
3282323
3282369
3283868
3285258
3288602
3289664
3292031
3292826
3293817
3293825
3298561
3298809
3298980
3298986
3299856
3300266
3301119
3302147
3303202
3304040
3304897
3305200
3306105
3307551
3307764
3307886
3308443
3308450
3314515
3315413
3316509
3317873
3319988
3320697
3323329
3326667
3326674
3328251
3328289
3328368
3328385
3329087
3331515
3332556
3333152
3336388
3341600
3341671
3343434
3344601
3345330
3345509
3347026
3348148
3349651
3351450
3351867
3352365
3352373
3353749
3357903
3358090
3360167
3361787
3364555
3379408
3380718
3382671
3383346
3383362
3383392
3384474
3384481
3385487
3392465
3393212
3394930
3395400
3396867
3401776
3406644
3407285
3409418
3412776
3416913
3417795
3417832
3418870
3419005
3420629
3421361
3421400
3426256
3428839
3430287
3430295
3430309
3430434
3438416
3438430
3438438
3440217
3441618
3442160
3445898
3445982
3452142
3452284
3453185
3453505
3455004
3455155
3456669
3456675
3457439
3459891
3460847
3460871
3461604
3473465
3473969
3474222
3474556
3476377
3477366
3478241
3480048
3481113
3481158
3481241
3481263
3483042
3485262
3485497
3485696
3486839
3489158
3490288
3492105
3495321
3499411
3505807
3506143
3507568
3507578
3511374
3511384
3512342
3514481
3517841
3519927
3521802
3521825
3523683
3524074
3526656
3526682
3526690
3526794
3526800
3526806
3526812
3531678
3531684
3534721
3537567
3537722
3537736
3537742
3537748
3543379
3543385
3543787
3545278
3545294
3545549
3546798
3546804
3546810
3546826
3548117
3548131
3549185
3552895
3555536
3556278
3559856
3562210
3563840
3563855
3563861
3563869
3564713
3564812
3564818
3564826
3566331
3568486
3570115
3570377
3571965
3571990
3572002
3572206
3572718
3572724
3572730
3573218
3575961
3576496
3577500
3578931
3580822
3580980
3582854
3583113
3583791
3587324
3591731
3591938
3592570
3594377
3599061
3599876
3600130
3601461
3607629
3611578
3613128
3613241
3613417
3613739
3617248
3617339
3618549
3619132
3619664
3621352
3623147
3624901
3629162
3629384
3630268
3630287
3631174
3635471
3636164
3636517
3636862
3638247
3639760
3642148
3642697
3645258
3645339
3646084
3647115
3650060
3650370
3650575
3650585
3651773
3651779
3652545
3656064
3665147
3665520
3667870
3670345
3670888
3672520
3673381
3677162
3677168
3678142
3679316
3679506
3681760
3681958
3687127
3691976
3694815
3695678
3696198
3696277
3699809
3700325
3700755
3700777
3701045
3706055
3706061
3708623
3708740
3708750
3714202
3716146
3718844
3718901
3722111
3722240
3723931
3724011
3725499
3725744
3728633
3729308
3730452
3731006
3731281
3731398
3731609
3731926
3736982
3736988
3737154
3738504
3738840
3739363
3739621
3739982
3740883
3741392
3742830
3747271
3748583
3749955
3755363
3755386
3755402
3755961
3756589
3756912
3762102
3764489
3764604
3767232
3768537
3769349
3769843
3770766
3770780
3773673
3776016
3776465
3780103
3782153
3783446
3783452
3783509
3783530
3784231
3785136
3787398
3787472
3791386
3794330
3797875
3799490
3800963
3801965
3801973
3802629
3803764
3808333
3808373
3808385
3811573
3811640
3812664
3812670
3813662
3814557
3815374
3815441
3815714
3816919
3817925
3817938
3817944
3817950
3817956
3817962
3817974
3819508
3820336
3821292
3821304
3828037
3832534
3834619
3837557
3841236
3847640
3849673
3850085
3851394
3854880
3856524
3859389
3860745
3861044
3861464
3861472
3863566
3864153
3864808
3865166
3868686
3878541
3878615
3879898
3880859
3880909
3884323
3884329
3885794
3886900
3889958
3890843
3892066
3893475
3895048
3895058
3895064
3895070
3895076
3898139
3899119
3899701
3901117
3902078
3902084
3903234
3903919
3903979
3904119
3904180
3904401
3905872
3914299
3914406
3919066
3919498
3921080
3923056
3925264
3926383
3926442
3926717
3930763
3930870
3931014
3931525
3931862
3932547
3935360
3938040
3941295
3942030
3943511
3944098
3944221
3947473
3949044
3951266
3951472
3953613
3954272
3959878
3959917
3966507
3968441
3968968
3971268
3971377
3979220
3980077
3991749
3994545
3994971
3996593
3996655
4000443
4002887
4003391
4004914
4006626
4006644
4008093
4008110
4008423
4009213
4009225
4009235
4009246
4009266
4010279
4011235
4011241
4011247
4011265
4011271
4011281
4011292
4013641
4013647
4013653
4014177
4016469
4019655
4019850
4020403
4020536
4023204
4024909
4025097
4027192
4027319
4033299
4034347
4034578
4034668
4037034
4037040
4037074
4039523
4042486
4043089
4043200
4043397
4043656
4044384
4045982
4046120
4046126
4046132
4046138
4046152
4046164
4047565
4047906
4049496
4050904
4051053
4052748
4053248
4055025
4056154
4057939
4058483
4058490
4059356
4059398
4059650
4060428
4060434
4060440
4064110
4064551
4067169
4067294
4067757
4067776
4068785
4069514
4069937
4073616
4076276
4078606
4080881
4082080
4084151
4085169
4085292
4088311
4089968
4091304
4091717
4095046
4095424
4096066
4097536
4097706
4100809
4102958
4103102
4103221
4105139
4105145
4105590
4106948
4110221
4113095
4114732
4116387
4120426
4122459
4124017
4124025
4124275
4130482
4130902
4132657
4132726
4133817
4134812
4134926
4137409
4139346
4140762
4140769
4140835
4142356
4142614
4143377
4143994
4144178
4144185
4145090
4145611
4148190
4151087
4152137
4152172
4154031
4154824
4154985
4156040
4156249
4156848
4157533
4159651
4159916
4160276
4160699
4161088
4161572
4166159
4166175
4167015
4167030
4167036
4167289
4167350
4174012
4174199
4175437
4177129
4178640
4179996
4182025
4184215
4189030
4191810
4193544
4194465
4196077
4196902
4200287
4200393
4201280
4203966
4207371
4211683
4213263
4214427
4218369
4221939
4222873
4224764
4228471
4234238
4234313
4235079
4235955
4236000
4237148
4237202
4237210
4237934
4239176
4241355
4241465
4241491
4243536
4244194
4245353
4246964
4255533
4259478
4260327
4261916
4263692
4264044
4265628
4265811
4267488
4270051
4270061
4270113
4270786
4270792
4270798
4270804
4270810
4273053
4273958
4279541
4282367
4283211
4286672
4286925
4293025
4293781
4295890
4296518
4296527
4298334
4299056
4299332
4300088
4301856
4306828
4308752
4312700
4314055
4315118
4316004
4318113
4319255
4319329
4319341
4319983
4320390
4325264
4325550
4327895
4329856
4329894
4330103
4330125
4330875
4330993
4332303
4332309
4332315
4338233
4338239
4339135
4340163
4340396
4343413
4343436
4344821
4344844
4349250
4349320
4349327
4350686
4350692
4350698
4356943
4358076
4358876
4360661
4363700
4363914
4373228
4374426
4374433
4374470
4376316
4379330
4381965
4382043
4383586
4383596
4383632
4383714
4383720
4383728
4383734
4383740
4383749
4386035
4387277
4388146
4389560
4391973
4398779
4400332
4400435
4400539
4400767
4404799
4406803
4408956
4408962
4409261
4410897
4414468
4414474
4415528
4418825
4421290
4421890
4424325
4426119
4432085
4432976
4433278
4433487
4435054
4436267
4436451
4437453
4437867
4437917
4438755
4440118
4440221
4442252
4444092
4445584
4446341
4446348
4449579
4451352
4451359
4452044
4452259
4452336
4454011
4459045
4459135
4460518
4461341
4462920
4465015
4465539
4466931
4467640
4471956
4472504
4472542
4475130
4475137
4480675
4480689
4480973
4482848
4486830
4486851
4487049
4492891
4494246
4494350
4494457
4495492
4495727
4496531
4496871
4498044
4500038
4501139
4502652
4504906
4506011
4509796
4510749
4511247
4511300
4512693
4513032
4513605
4516219
4517142
4518515
4519225
4520350
4520370
4523035
4524070
4524963
4525537
4526133
4526777
4527842
4529328
4529334
4529375
4533785
4537372
4539089
4539417
4540753
4540882
4544007
4547328
4547334
4547340
4547346
4548453
4548538
4549619
4550379
4551321
4555270
4557405
4562266
4566212
4567223
4567546
4568691
4568938
4569084
4569190
4571387
4572326
4573483
4573598
4574814
4574998
4575977
4577396
4578521
4581753
4584076
4584439
4584446
4585348
4587454
4587460
4587466
4589920
4589956
4592555
4594144
4594154
4596506
4597592
4597696
4597946
4598183
4598797
4603746
4610875
4613706
4614560
4617294
4618110
4618332
4618622
4621679
4622887
4623273
4623549
4624937
4626616
4627223
4627496
4627502
4628593
4629299
4631333
4631408
4632552
4633171
4636103
4636117
4638617
4638864
4641229
4643888
4643954
4644736
4644771
4647727
4648208
4652298
4654126
4657214
4658379
4658510
4658880
4659628
4660966
4662263
4667432
4669408
4669757
4670184
4670973
4671068
4673796
4677742
4678308
4678337
4678651
4679328
4679786
4680180
4681632
4684029
4686025
4687703
4688036
4688191
4688197
4688203
4691307
4697669
4697772
4698721
4698727
4698733
4701325
4703568
4703844
4704928
4705000
4709088
4709530
4710176
4712704
4713817
4715507
4716084
4716778
4716793
4716936
4717856
4718427
4718679
4721282
4721343
4722114
4723565
4724655
4726851
4730219
4732718
4732736
4733906
4735664
4738589
4738744
4741292
4743452
4743458
4743464
4745120
4745810
4746519
4751092
4751363
4751693
4753241
4755149
4755748
4755756
4756871
4758282
4758463
4763803
4764234
4769384
4770470
4770552
4771022
4773695
4776707
4779203
4782710
4782716
4782722
4782728
4782740
4783431
4788936
4789790
4791505
4791755
4796430
4797913
4798449
4799488
4800765
4802358
4802364
4802674
4802680
4803999
4804386
4804392
4804410
4805507
4806175
4809176
4809470
4810931
4811091
4811902
4812813
4814853
4817484
4818154
4819909
4819935
4820497
4821739
4822334
4822920
4823289
4835030
4835290
4837926
4840448
4840572
4840589
4840782
4840939
4841255
4843978
4844530
4850961
4852971
4853457
4854264
4855739
4855958
4862722
4862728
4862957
4862975
4863390
4864349
4869754
4874540
4875777
4878497
4878503
4878961
4881478
4884085
4884095
4885757
4886271
4886434
4886444
4888908
4888934
4892767
4894810
4895851
4896050
4897556
4897810
4900299
4902077
4904240
4905281
4905857
4905863
4905869
4905875
4908800
4913774
4915387
4915396
4915707
4917153
4921559
4922372
4923687
4924954
4930344
4930350
4932332
4933237
4933858
4935038
4935519
4937430
4939221
4940145
4940964
4941408
4941414
4941420
4941426
4943043
4945386
4948300
4949493
4949730
4951825
4953578
4953852
4953877
4953911
4957579
4960442
4960589
4962989
4966644
4966721
4968269
4968759
4968975
4969671
4969760
4970484
4971295
4971729
4973820
4976327
4976334
4976886
4976984
4977594
4977693
4978555
4978611
4979134
4980338
4980355
4983077
4987397
4987449
4991460
4991529
4991537
4993310
4993362
4994091
4994781
4996453
4996679
4997496
4997504
4997510
4997516
4997597
4998656
4998662
4998693
5000326
5000332
5005317
5005323
5005946
5006783
5006841
5006847
5009509
5010203
5011729
5011878
5014695
5016770
5017943
5019626
5019947
5020304
5022646
5023457
5023907
5024923
5027785
5028577
5031734
5033527
5034396
5034456
5036230
5037150
5040453
5041938
5041946
5048084
5050247
5050405
5050455
5050813
5053861
5055374
5057337
5058962
5061568
5061993
5066429
5066553
5067590
5068013
5068175
5068737
5073862
5074585
5075569
5079773
5079868
5082172
5082217
5085854
5087003
5090128
5091867
5091997
5092671
5098058
5098158
5099702
5102330
5106360
5107671
5109619
5111186
5112416
5112422
5113437
5113444
5116880
5118841
5119292
5122620
5125132
5126446
5130013
5135125
5139589
5142516
5143956
5144612
5144618
5144742
5145461
5149774
5150125
5153190
5155608
5156090
5156353
5156607
5161975
5162820
5162831
5163434
5165647
5165862
5165938
5167764
5169944
5169950
5169956
5169962
5169968
5172048
5172189
5172209
5174178
5175271
5175393
5182362
5183236
5184310
5185363
5189617
5190198
5191841
5191945
5194816
5194891
5195167
5198073
5198306
5198334
5199706
5200430
5200436
5200442
5204949
5205218
5205254
5205499
5206264
5207173
5207584
5208429
5210328
5210353
5213411
5214397
5215052
5216567
5216695
5216932
5217413
5217552
5217629
5219399
5222175
5222315
5223091
5224119
5224304
5225035
5227987
5228409
5228565
5229052
5230197
5233230
5236074
5236117
5237540
5238436
5240028
5240792
5240886
5241221
5243414
5248662
5249059
5250030
5250197
5251577
5252711
5252914
5253400
5253533
5254407
5256442
5259223
5259546
5263325
5264385
5265659
5265896
5266193
5266448
5266986
5268969
5273462
5275293
5275330
5275338
5276700
5279865
5280324
5281016
5283510
5283748
5284751
5285478
5286714
5288556
5288873
5288947
5291631
5291637
5293632
5293647
5294816
5294822
5294971
5295032
5295685
5295691
5295697
5295703
5295709
5295715
5296674
5297494
5298592
5300655
5304408
5304586
5305802
5305814
5305820
5305826
5310663
5313992
5314078
5314618
5316035
5317572
5318498
5321766
5321791
5323565
5329796
5329816
5330609
5330857
5331899
5332670
5333578
5334283
5337450
5339041
5341864
5342011
5344712
5344718
5344724
5344730
5344736
5345625
5345923
5346073
5349212
5350216
5350626
5351461
5360200
5360352
5360412
5364872
5365479
5370537
5370706
5371371
5373482
5374563
5379967
5380266
5381359
5381857
5383775
5383803
5383825
5384163
5386078
5386335
5386868
5399956
5400213
5401205
5403889
5403895
5403901
5403907
5405464
5406234
5411198
5411906
5412443
5414110
5415403
5421065
5421071
5421077
5421205
5421427
5423838
5425400
5426163
5426843
5427299
5431689
5434529
5434918
5437790
5438471
5438511
5439341
5439357
5439741
5440513
5443986
5446459
5448980
5449829
5449843
5449851
5450482
5452261
5454146
5455526
5465255
5466473
5468837
5472687
5477493
5481068
5485341
5485632
5486028
5487365
5487493
5487501
5489300
5498285
5503971
5504443
5504696
5512160
5514697
5518689
5519654
5519974
5523989
5524289
5524299
5524681
5528953
5530695
5531302
5535311
5535431
5536585
5536640
5536646
5536652
5536658
5536666
5541254
5541570
5543540
5545087
5548352
5548805
5552708
5553174
5555584
5558449
5558455
5559978
5562455
5568165
5569884
5569898
5569990
5569996
5570002
5570022
5570612
5572243
5572249
5574527
5574576
5576094
5576565
5580181
5580257
5580466
5583274
5585044
5585110
5587870
5587878
5588232
5589250
5589653
5589734
5590039
5590411
5597948
5597955
5601264
5603036
5603043
5603388
5604749
5607421
5607471
5608919
5610140
5613655
5616892
5618415
5618700
5618971
5622710
5627657
5630349
5632117
5633353
5636474
5636541
5637241
5638429
5638531
5639512
5640358
5640942
5641085
5643353
5645231
5647514
5650275
5650918
5651299
5651320
5652269
5652717
5653473
5658763
5660884
5663147
5663161
5663492
5663515
5665401
5666534
5666541
5666557
5666563
5667541
5670065
5670071
5672428
5677613
5680005
5682741
5684758
5688520
5692110
5693065
5694690
5694885
5694999
5696153
5696939
5701083
5703081
5705162
5707354
5707637
5710514
5711334
5712841
5713311
5715812
5716671
5716741
5717128
5717693
5720574
5721509
5722647
5725144
5726105
5728121
5728199
5729499
5729929
5734764
5735393
5735399
5737348
5737871
5740887
5741856
5742548
5742554
5742578
5743081
5745706
5747744
5748136
5749858
5751972
5753063
5755566
5755572
5755578
5757120
5757504
5759043
5765552
5765558
5766570
5767413
5767720
5767792
5769750
5769760
5772389
5775958
5775990
5790914
5791829
5795255
5798844
5799637
5800347
5800909
5804739
5808209
5812002
5812008
5812118
5812507
5813351
5814399
5816249
5817102
5817827
5818155
5818696
5820226
5822238
5822915
5822952
5823255
5824762
5827395
5827755
5827950
5829095
5829423
5831347
5831941
5839824
5840081
5841073
5843757
5843763
5843769
5843775
5845332
5846102
5851066
5851773
5852308
5853661
5856146
5856156
5856583
5856591
5858525
5865822
5868674
5868753
5870172
5872035
5872445
5882522
5883004
5885228
5886716
5888700
5891194
5891334
5891410
5892256
5893998
5895929
5899011
5900198
5901269
5901655
5903381
5904434
5907281
5908948
5908973
5908979
5908985
5912457
5914404
5915463
5915812
5916254
5917790
5919941
5920411
5921622
5923084
5924109
5924119
5924255
5925576
5929075
5929228
5929234
5931965
5931979
5936678
5937283
5938537
5939178
5939420
5944153
5945033
5946147
5946201
5951486
5951604
5954245
5955399
5955956
5956066
5958836
5961849
5963069
5964176
5966309
5968380
5969203
5969318
5969375
5969600
5971716
5971732
5972029
5973552
5976608
5976836
5978403
5978587
5979196
5980075
5983267
5985682
5987141
5988780
5989993
5991631
5993987
5994069
5995347
5995840
5995920
5996084
5996577
5997735
6005920
6010241
6010255
6010261
6012986
6013107
6013453
6013754
6017168
6017835
6018724
6019074
6019277
6019306
6023939
6024762
6025910
6027430
6027485
6030165
6031614
6036020
6037205
6039859
6042185
6042342
6043049
6052437
6052501
6053973
6055693
6055701
6055731
6057121
6058617
6063213
6065850
6066468
6069326
6070731
6074007
6074684
6084987
6089139
6097431
6097503
6098047
6101000
6102170
6104287
6107092
6111958
6113391
6113407
6115880
6117826
6122063
6122075
6123345
6123381
6126491
6131458
6132947
6137492
6139360
6140246
6140254
6141885
6146283
6146385
6148048
6149030
6149408
6149414
6149420
6149442
6151522
6154570
6154588
6155653
6157080
6158118
6158570
6162480
6162530
6165579
6168034
6168132
6168152
6169055
6172080
6172465
6174766
6174837
6175585
6176457
6177027
6177172
6178102
6178139
6178337
6179677
6181036
6181044
6181058
6181616
6181887
6185711
6186992
6188255
6188319
6190413
6193460
6200765
6201906
6202034
6205319
6206185
6206488
6206565
6207309
6207456
6209642
6209723
6209735
6210553
6212522
6213519
6215850
6217534
6218658
6218666
6218680
6221709
6223270
6224542
6225942
6226003
6226009
6228148
6229459
6231025
6234940
6235837
6238403
6239610
6239644
6239706
6241576
6243476
6245802
6246227
6247698
6249056
6250145
6250775
6252150
6252501
6254159
6254443
6254554
6254698
6256500
6256506
6256512
6256873
6261912
6263669
6264922
6265525
6267559
6267855
6267990
6271277
6272523
6273289
6280514
6280603
6281178
6281184
6283721
6287135
6288393
6288399
6288405
6288411
6288417
6288423
6290200
6291070
6292069
6292079
6292647
6293246
6294864
6296681
6296687
6296741
6298639
6299504
6299519
6302519
6309631
6315213
6316338
6316691
6318815
6321594
6323276
6328626
6329360
6329425
6329431
6329437
6329630
6329636
6329642
6332003
6336408
6338198
6339641
6342756
6346489
6348685
6351016
6351082
6351809
6351846
6354713
6356906
6357157
6358433
6358483
6358537
6362811
6366078
6366493
6367394
6371072
6371339
6371950
6371958
6373285
6373793
6374020
6377792
6377975
6380646
6380737
6382691
6384518
6385372
6387343
6387377
6390028
6390949
6399773
6401044
6401449
6401853
6404580
6404622
6406123
6406283
6407612
6407632
6409352
6409358
6409364
6409550
6411147
6412656
6414073
6415598
6416157
6417397
6417403
6417417
6418209
6422638
6429818
6431035
6436759
6436769
6436778
6439775
6439843
6439881
6440591
6441846
6442621
6443435
6444399
6445342
6448664
6449768
6449970
6450026
6451440
6452048
6452520
6452825
6455436
6459705
6460689
6461381
6461862
6465408
6466411
6468107
6469052
6469118
6470141
6472356
6472362
6472958
6472978
6478029
6479428
6479542
6479949
6481737
6486678
6488486
6488552
6489032
6490124
6491223
6495874
6498894
6499539
6499551
6499557
6499563
6500023
6501492
6501630
6501768
6505979
6508215
6509702
6509717
6509723
6510279
6515665
6515777
6516100
6521465
6521728
6524658
6530548
6531347
6534053
6534205
6534224
6535439
6536410
6536459
6537639
6538491
6539312
6540768
6541055
6542043
6549896
6549942
6551872
6553667
6556945
6558022
6560640
6560814
6561959
6562357
6563556
6564593
6565208
6566059
6566619
6568235
6569478
6569882
6574966
6576986
6577319
6577573
6578537
6579777
6581130
6584079
6584133
6585960
6589388
6592555
6594175
6598717
6599247
6602021
6603167
6604671
6604677
6604683
6604689
6604695
6604795
6612227
6612233
6612592
6614668
6614674
6614680
6614686
6619882
6620351
6620368
6620548
6624765
6624774
6625086
6625111
6626093
6627043
6627710
6633791
6633979
6634616
6641932
6645674
6648451
6648574
6649440
6651245
6652361
6652669
6656882
6656888
6656894
6656916
6656957
6658056
6658136
6658144
6658150
6658174
6661750
6661758
6661996
6663589
6664065
6669467
6669701
6669724
6670323
6670785
6671443
6672163
6677797
6678348
6678364
6678637
6684922
6686919
6691052
6692858
6692864
6693505
6695580
6696195
6698413
6699199
6703572
6703831
6705149
6705169
6708063
6709230
6709640
6711703
6711771
6711804
6712432
6713160
6714169
6714187
6714193
6714199
6715403
6715698
6715987
6718842
6719654
6722335
6724925
6727157
6728191
6730930
6731556
6731825
6732550
6732633
6735328
6736349
6737388
6737451
6741612
6742601
6742927
6742933
6742939
6742945
6742951
6743596
6744074
6744098
6744487
6744592
6745591
6745602
6747181
6748337
6749434
6749678
6751982
6751994
6752192
6753718
6753819
6753849
6757331
6757337
6757349
6757535
6758381
6758399
6758413
6761806
6762630
6763318
6764446
6764493
6766981
6769621
6769735
6769756
6770285
6771220
6773299
6774409
6777985
6778439
6780486
6780493
6783798
6784365
6785514
6786373
6787938
6788734
6790099
6790162
6790168
6793615
6794912
6798857
6800599
6803144
6803663
6806569
6807434
6807897
6809548
6811892
6812458
6813695
6815074
6815414
6815955
6816742
6818835
6820790
6823156
6823220
6831202
6831213
6833414
6833423
6835254
6835806
6836841
6840239
6843624
6843708
6843779
6851904
6852025
6855912
6855944
6856676
6858651
6858663
6858669
6858687
6858705
6862339
6862345
6862676
6862764
6863912
6863957
6864817
6866513
6868802
6868908
6870565
6872376
6874038
6876811
6876854
6877835
6878709
6880967
6883627
6883823
6886803
6886909
6890878
6892400
6893111
6893145
6893567
6893905
6893921
6894129
6896816
6899304
6900746
6901355
6905236
6908567
6913980
6914056
6914084
6914090
6916475
6916895
6920520
6923151
6924819
6927054
6930567
6934102
6935682
6937459
6937760
6937768
6937869
6938717
6939895
6940155
6947435
6947569
6948409
6949197
6949210
6949300
6949326
6951598
6951850
6955036
6956667
6956673
6956902
6960369
6960379
6962567
6962573
6965201
6966289
6967722
6967925
6970168
6970176
6970190
6970226
6972390
6976515
6980251
6982360
6982847
6984781
6985083
6985125
6985166
6985809
6985819
6989277
6990472
6992096
6992415
6996789
6997815
7005986
7007938
7008365
7008956
7014561
7016447
7016464
7017226
7018251
7023548
7025349
7026043
7028083
7031843
7031854
7031890
7034903
7036488
7039162
7039265
7041554
7042893
7042899
7042905
7042915
7042921
7042956
7043003
7043802
7044381
7045989
7049248
7051647
7053881
7053887
7056734
7056748
7057426
7062752
7066318
7066877
7069024
7071406
7071412
7075046
7075173
7075267
7076383
7077223
7077596
7077649
7078897
7081987
7084447
7084604
7085153
7085472
7085816
7086400
7088239
7089659
7089667
7089673
7091712
7096970
7098521
7098533
7099619
7099644
7101811
7101886
7103015
7103023
7103033
7103055
7104539
7109941
7109968
7110086
7111311
7111566
7111747
7113157
7114374
7117844
7120331
7122291
7125394
7130337
7132421
7132696
7133966
7134088
7134138
7134995
7136708
7138426
7141262
7141721
7142405
7142945
7142974
7144597
7148999
7149203
7149209
7151117
7156139
7157451
7157457
7158603
7158609
7162505
7163578
7165319
7166658
7170898
7171391
7174039
7174116
7176803
7179179
7180838
7181258
7181284
7182103
7183329
7184493
7185391
7188642
7190006
7190070
7190188
7193242
7195566
7195649
7196516
7200622
7203145
7203276
7203354
7204476
7205563
7208170
7208636
7208761
7210706
7210864
7213347
7220194
7220392
7220548
7220726
7221562
7222082
7224089
7227729
7229783
7230257
7233279
7235691
7238265
7238275
7238479
7238995
7239559
7242955
7243710
7243965
7250185
7255720
7256266
7257510
7260763
7260919
7261115
7262409
7264054
7265466
7265473
7265574
7265623
7266390
7270262
7271773
7271858
7272509
7275495
7276220
7276877
7276919
7283873
7284255
7284272
7285464
7285747
7285755
7285761
7285767
7285773
7285779
7285785
7287256
7291057
7292378
7296551
7296557
7296563
7296901
7297456
7298579
7298722
7299948
7300357
7302048
7303936
7306453
7308554
7309912
7311916
7314626
7315077
7318926
7320677
7321386
7321635
7321641
7323562
7329096
7332842
7333014
7335931
7336276
7336711
7339799
7339993
7342145
7342432
7344959
7350066
7356385
7356745
7360182
7360681
7365655
7369847
7369930
7369936
7369942
7369952
7370030
7371799
7373044
7373545
7373660
7374076
7375664
7375694
7376048
7376247
7379066
7381173
7384886
7385874
7387496
7389139
7389565
7390524
7390573
7391656
7393023
7398848
7398859
7399624
7400732
7400952
7401183
7402437
7404114
7404124
7404504
7407649
7408654
7408859
7409120
7411818
7413207
7414412
7415206
7415214
7415220
7415226
7416320
7416550
7416556
7416562
7416568
7416574
7421323
7421413
7422265
7423197
7424533
7426199
7426211
7426221
7428508
7428696
7429570
7430847
7431621
7431906
7434835
7434938
7435414
7438775
7439780
7441057
7442709
7443215
7443661
7444011
7444031
7445134
7446193
7446416
7453049
7454470
7454954
7456584
7456687
7457171
7457465
7458821
7459324
7460689
7465903
7467103
7467901
7469029
7469159
7473341
7475093
7476049
7476146
7476182
7478751
7479529
7482044
7482701
7484571
7487154
7488025
7488361
7488367
7489770
7489790
7489796
7489802
7490081
7490100
7492553
7493055
7498227
7499564
7499572
7502438
7503381
7504052
7507339
7507359
7507369
7507404
7508740
7510845
7512306
7513329
7513748
7514135
7514687
7518593
7518599
7519813
7524508
7527071
7530225
7530244
7532311
7532557
7533869
7534604
7535218
7536602
7536660
7538433
7541096
7541103
7541659
7543383
7554841
7555714
7556982
7558847
7563686
7564976
7564987
7566670
7566678
7567937
7567943
7570879
7572168
7572194
7574165
7574177
7576674
7580519
7583479
7584209
7584215
7584221
7584266
7584605
7586061
7587311
7587406
7587412
7587424
7587465
7588489
7591542
7591845
7591916
7593391
7597335
7598226
7600554
7607665
7608624
7609891
7610408
7610511
7611156
7611972
7613199
7613874
7614161
7614757
7615736
7616143
7616436
7617545
7618738
7618745
7620366
7622512
7625202
7627584
7627954
7629194
7630740
7633251
7634837
7634881
7634888
7634902
7635639
7636303
7639276
7640131
7640918
7641196
7641448
7647014
7648733
7651325
7651726
7652151
7655131
7659917
7660147
7661307
7662647
7665958
7667547
7668045
7669600
7669668
7671160
7671247
7671956
7674193
7678631
7678637
7683033
7685825
7685914
7687435
7687463
7688422
7689869
7692198
7692204
7692226
7694202
7694208
7695229
7695258
7695295
7695825
7696185
7704795
7705322
7713808
7717460
7721582
7727040
7730692
7735176
7736029
7737191
7738319
7738832
7738977
7742809
7743958
7744919
7745603
7747118
7749005
7749106
7750395
7752141
7755481
7756188
7757482
7757678
7757684
7757850
7758439
7758562
7759249
7759472
7759676
7761167
7765014
7767874
7768045
7770618
7772530
7772711
7777438
7781543
7782101
7782996
7783182
7784404
7785149
7786109
7786189
7786445
7788298
7790432
7792215
7792221
7792389
7793965
7797218
7798059
7798239
7798317
7798820
7800961
7801003
7801009
7801015
7801021
7803838
7805214
7805227
7807997
7808049
7808055
7808065
7811105
7814874
7815250
7816611
7817965
7821162
7822388
7822698
7823621
7823728
7823778
7826619
7829854
7831159
7832142
7833168
7833569
7833827
7835123
7836241
7842517
7844175
7847932
7847973
7848688
7850245
7850353
7851716
7852611
7856756
7858847
7859760
7860774
7860786
7864890
7867380
7870476
7871798
7871825
7872573
7873124
7873152
7875764
7880666
7880694
7880722
7884893
7886949
7887524
7888897
7888911
7890577
7900198
7901769
7901776
7902139
7903062
7905085
7905103
7907692
7909655
7910271
7913542
7913773
7914644
7920861
7922692
7922716
7924492
7925561
7925924
7926843
7926919
7928153
7932121
7932127
7932133
7936311
7937397
7938507
7938966
7941030
7942561
7948721
7949564
7951655
7955334
7955488
7957573
7958034
7958405
7959197
7961605
7962763
7962911
7964204
7965127
7966972
7968346
7968384
7970398
7970410
7972658
7973278
7976153
7976933
7980182
7982217
7982664
7982783
7988222
7989418
7990593
7991091
7991191
7991204
7991719
7991780
7991790
7992680
7993477
7993535
7993690
7996540
7996561
7996567
8000473
8000577
8001251
8004877
8007043
8008948
8009002
8009128
8010720
8010935
8013695
8013701
8013707
8014994
8017370
8018027
8019253
8021680
8022562
8023640
8024299
8024873
8027560
8028090
8031112
8034292
8037959
8038305
8039139
8039808
8049651
8051389
8058797
8062950
8065231
8065816
8071494
8072495
8072501
8072868
8073133
8073936
8073942
8073948
8077144
8078133
8080756
8080785
8081955
8082048
8082054
8082060
8082076
8082101
8082424
8084438
8085547
8085622
8088644
8088802
8093899
8096619
8101870
8103350
8106141
8107684
8111325
8113142
8118016
8118171
8118177
8118185
8118191
8119441
8120132
8125060
8126472
8126480
8126486
8126492
8126902
8133358
8134905
8139296
8140436
8141635
8143378
8144333
8147976
8148244
8149146
8149248
8150051
8150317
8151399
8152598
8152854
8154025
8162419
8163769
8169604
8171832
8172510
8174149
8175470
8178933
8181344
8183150
8185701
8186654
8190603
8193146
8195551
8197802
8198460
8198869
8201232
8204352
8208219
8209447
8211009
8218891
8220085
8220616
8221341
8225288
8226572
8229095
8231817
8235102
8237928
8244228
8244692
8246369
8246933
8251252
8251635
8256067
8256915
8260012
8260018
8260024
8260072
8262454
8264178
8267441
8268557
8270093
8271271
8273743
8274774
8276581
8276829
8278309
8280510
8282578
8283373
8287522
8289570
8293559
8298261
8299401
8300250
8302009
8302038
8303438
8304098
8307908
8309160
8316183
8328236
8328699
8328954
8329284
8331113
8332120
8336497
8336698
8337024
8337099
8337724
8341615
8341621
8341657
8342306
8343448
8344650
8344656
8344666
8344672
8344678
8344690
8348626
8350641
8350711
8350815
8352636
8354422
8354836
8356566
8358914
8360742
8361465
8362583
8362764
8368671
8368707
8368717
8369307
8371473
8372587
8377206
8377309
8377323
8380245
8380280
8381984
8383290
8385653
8387723
8390391
8390399
8390466
8396687
8396992
8400655
8403031
8405749
8407534
8408624
8409637
8410012
8417076
8418167
8418434
8418440
8418446
8422307
8422313
8422492
8423735
8423863
8423881
8423889
8423919
8426618
8434353
8435117
8435932
8437317
8438314
8442761
8444089
8444280
8445593
8445896
8447333
8452462
8454685
8456068
8457973
8457979
8460476
8462613
8462921
8464270
8464282
8466337
8467967
8471632
8475997
8477368
8481422
8482552
8482560
8482566
8482572
8488108
8488183
8489550
8490115
8491397
8492567
8494042
8494213
8495668
8501508
8502643
8502652
8502773
8503636
8503908
8505115
8506207
8506460
8506717
8511713
8512857
8515450
8515456
8518278
8523880
8525297
8529110
8531599
8531956
8534978
8539212
8540028
8542607
8542736
8543503
8543959
8543965
8550404
8552946
8553553
8553830
8557394
8558813
8560179
8561693
8561872
8561891
8562061
8562067
8562073
8562079
8562085
8564390
8564636
8564648
8565796
8566125
8566777
8569536
8570209
8570215
8573852
8574486
8574502
8575869
8576415
8577335
8578761
8578767
8578775
8582198
8586011
8586019
8589562
8589568
8590974
8591607
8593944
8594446
8594792
8595536
8600875
8602526
8603075
8605480
8606817
8609100
8609423
8609474
8612738
8612814
8613375
8617734
8621284
8621527
8623191
8623457
8623702
8625326
8625367
8628321
8630188
8633326
8633995
8634478
8634885
8637774
8641932
8642117
8643744
8643818
8644035
8644041
8644047
8644568
8645147
8645811
8645861
8646899
8650012
8651299
8654699
8657265
8662066
8662088
8662591
8663572
8664519
8666800
8669730
8671256
8672242
8672825
8673188
8673332
8673425
8676781
8677452
8677717
8677918
8680781
8686043
8686058
8690697
8694795
8696479
8701565
8702270
8702966
8703509
8705225
8707563
8708812
8711390
8711396
8711402
8711408
8714260
8716438
8716472
8717513
8717711
8719188
8719559
8721320
8722328
8723951
8723973
8726959
8729584
8730427
8732120
8733423
8733432
8735733
8736476
8737752
8738795
8741881
8743652
8744074
8744859
8745191
8746764
8749035
8756715
8756823
8757427
8758049
8758683
8761488
8765875
8766090
8768140
8768168
8770988
8771842
8778320
8782367
8782930
8783461
8785638
8785822
8787874
8788182
8788334
8788661
8789572
8790471
8791015
8795478
8795506
8798503
8799320
8803229
8803267
8803991
8804049
8804195
8804713
8805014
8805144
8805616
8806123
8806195
8806521
8808926
8808972
8808981
8809493
8811329
8812131
8812971
8814774
8814986
8815022
8815030
8816751
8817135
8817426
8817517
8819011
8819650
8821340
8826117
8826766
8826972
8827422
8830092
8832101
8832419
8833448
8833901
8834428
8835668
8836025
8839253
8840013
8843234
8843254
8843405
8850235
8850362
8854411
8856366
8856682
8860699
8861367
8861375
8863693
8869994
8872663
8872685
8872703
8874373
8875711
8877328
8879293
8879453
8879472
8880115
8880121
8881745
8883617
8884584
8884590
8884596
8884602
8884608
8888059
8888641
8891058
8891955
8892970
8892980
8893918
8900230
8901606
8905483
8906710
8909629
8915881
8919597
8919679
8922038
8926381
8927092
8928235
8928640
8930769
8931257
8931358
8933165
8933613
8933699
8934093
8935103
8939220
8940957
8941164
8941640
8941710
8942234
8944874
8944880
8944886
8944892
8945429
8946072
8948681
8953770
8957201
8957208
8958549
8958819
8958929
8960044
8967998
8968256
8969562
8969568
8969574
8969580
8969770
8970782
8972296
8973574
8973993
8974640
8974877
8975068
8976539
8976667
8977172
8977623
8977629
8977635
8981996
8982374
8983735
8984042
8985069
8987012
8987327
8987546
8988532
8990150
8990843
8992509
8998077
8998316
8998340
8998485
8998536
8998542
8999520
8999802
9010457
9011761
9016763
9018068
9019218
9019408
9026096
9026102
9026108
9027192
9034941
9035913
9036577
9037637
9038329
9038456
9039504
9039723
9041135
9043563
9045244
9045297
9048263
9056184
9056557
9056756
9061745
9064069
9066160
9069011
9072649
9073985
9074434
9074562
9074612
9076963
9077474
9077872
9079240
9079916
9081061
9081067
9081185
9082135
9088002
9090822
9090952
9092851
9093376
9095507
9096582
9097866
9101514
9101522
9103611
9105266
9107302
9108344
9111956
9112792
9112800
9116761
9117501
9117538
9117608
9118175
9119419
9119695
9121135
9121571
9124232
9124840
9125457
9128363
9130330
9130650
9131142
9131316
9131764
9132189
9138892
9142677
9145226
9145359
9147215
9149145
9155126
9155974
9158586
9160410
9160491
9162177
9162530
9162694
9164959
9164967
9165074
9166373
9171162
9171193
9177222
9178251
9180305
9180886
9181880
9186274
9186300
9187501
9188157
9188163
9188281
9195602
9195932
9199288
9200186
9201519
9201525
9201619
9203080
9204944
9207268
9211484
9212158
9215439
9218382
9219409
9220777
9220787
9221945
9226861
9226899
9227977
9229964
9233698
9235389
9237386
9237498
9237833
9238088
9240725
9240843
9241075
9242617
9242688
9243188
9244063
9246589
9253745
9254208
9254467
9254800
9256634
9257622
9258495
9260299
9261364
9261409
9261491
9261513
9263070
9265114
9269701
9269955
9271691
9273713
9274382
9275547
9277735
9278673
9278683
9278690
9280389
9281613
9281619
9282458
9284504
9284650
9289194
9290414
9290420
9290426
9296354
9296504
9298999
9303225
9305992
9310588
9312493
9312697
9312711
9318665
9320126
9325748
9331229
9331349
9334872
9342497
9343209
9344816
9348372
9350244
9353777
9357954
9359513
9359655
9361572
9363723
9364262
9364268
9366013
9368170
9368189
9369746
9373932
9375164
9376551
9376557
9377246
9383037
9383253
9385206
9385671
9385677
9391202
9392488
9392587
9392644
9393950
9396010
9398141
9402025
9403731
9404857
9405586
9407747
9409278
9409754
9414242
9416499
9416727
9417055
9418509
9418517
9419664
9421250
9428089
9428168
9428478
9432358
9432366
9432442
9434184
9434239
9435095
9435103
9438111
9439599
9441721
9443261
9443387
9445225
9445250
9446566
9450364
9452103
9453855
9458692
9458748
9462973
9463081
9464201
9464316
9464330
9464336
9464344
9464439
9466150
9466208
9470003
9471885
9474611
9474899
9476018
9476427
9476969
9479002
9482908
9483019
9483430
9484739
9486845
9487546
9488482
9490867
9492859
9493537
9493575
9496986
9497019
9497033
9497367
9497906
9498291
9501065
9502206
9502216
9503752
9504725
9507673
9510805
9511722
9511740
9511921
9513237
9513285
9514091
9514140
9523446
9527461
9528246
9529117
9529218
9530720
9531940
9533114
9533233
9534721
9535938
9536387
9539091
9539228
9540230
9547543
9550700
9551065
9554454
9554504
9558062
9560970
9561753
9562669
9563264
9565998
9569303
9571471
9571558
9573811
9575788
9581792
9582339
9582394
9586834
9588127
9589431
9590522
9590529
9595671
9597643
9598504
9599426
9599620
9601833
9602352
9604415
9606330
9606339
9613696
9615545
9617258
9618793
9618932
9619562
9621243
9622378
9625876
9628308
9628388
9630608
9630794
9634060
9634192
9634323
9634753
9637252
9637792
9644836
9645069
9645514
9645652
9645658
9648332
9652931
9653346
9655183
9656498
9657140
9657336
9657587
9659363
9663460
9663874
9664570
9664595
9666053
9666059
9666944
9669070
9674145
9674151
9674437
9676914
9676920
9676926
9677104
9681671
9684120
9684386
9685509
9686285
9686657
9688413
9688434
9688446
9691290
9691502
9691964
9692197
9694544
9696014
9696525
9699235
9699390
9700003
9700915
9704586
9707253
9709209
9709402
9709954
9711761
9717004
9719397
9720252
9721319
9722224
9723171
9723191
9724038
9724045
9724208
9725361
9726997
9727489
9728349
9730118
9732644
9732681
9738398
9740175
9740789
9742691
9742708
9750688
9750756
9750877
9752804
9753849
9754037
9754377
9755554
9755840
9755854
9757601
9758759
9759598
9759604
9759610
9762567
9764512
9765095
9765108
9765121
9766082
9771120
9772354
9772674
9772682
9777380
9781194
9786151
9787028
9789269
9789382
9790038
9793766
9794080
9794087
9796481
9798055
9799294
9801014
9804960
9804986
9806357
9806395
9807637
9809033
9810240
9814187
9815475
9819605
9822648
9823269
9823297
9823733
9824307
9826460
9828796
9830578
9830801
9830938
9831777
9832073
9832619
9833346
9838539
9839242
9842677
9843964
9846914
9851827
9851869
9852399
9852857
9852863
9852869
9852875
9852881
9852891
9853272
9853284
9853304
9853310
9855628
9856625
9859458
9860208
9860753
9861560
9861868
9863997
9866941
9867828
9871773
9873097
9875962
9876594
9876668
9876676
9878394
9879331
9880100
9880500
9880858
9881100
9883602
9883898
9884764
9886042
9886054
9886694
9889110
9889148
9889732
9890625
9891355
9891361
9891367
9892664
9892834
9894112
9894737
9899487
9899503
9899511
9900342
9900364
9901672
9901725
9908894
9908900
9909106
9909615
9910800
9910929
9911330
9912155
9912167
9914504
9916291
9916867
9917231
9918549
9919307
9919799
9920140
9921854
9923207
9923216
9925703
9926337
9927088
9927619
9927763
9930049
9930428
9934697
9938593
9938629
9938645
9938652
9939890
9941379
9941385
9941391
9941397
9941675
9942104
9942110
9942116
9942172
9942658
9944563
9946218
9948012
9948958
9950714
9953036
9955379
9955391
9960039
9960107
9960380
9962533
9962626
9969600
9970349
9970468
9972865
9973577
9973584
9974610
9974617
9975884
9977231
9978238
9980450
9981272
9983496
9984325
9986015
9987434
9989663
9991456
9993425
9993457
9994350
9995327
9996838
9997210
9999912
10000446
10004574
10005553
10006178
10009234
10010130
10011403
10011878
10011884
10019667
10020225
10021076
10021859
10022455
10024412
10024690
10024696
10024702
10024708
10025178
10026966
10029514
10030763
10031966
10032219
10032555
10032561
10032567
10032573
10032893
10035281
10035566
10036135
10037039
10038118
10039647
10040508
10041565
10042913
10044836
10045824
10046115
10046214
10047041
10048368
10048645
10048749
10049567
10049866
10050101
10053115
10053718
10055881
10056604
10057141
10058806
10060100
10064158
10065136
10067253
10068269
10069059
10069575
10070176
10070409
10070492
10072192
10075071
10076215
10076281
10077161
10077167
10077173
10077179
10077185
10077191
10079050
10080857
10080941
10082571
10086024
10086034
10087190
10087768
10091776
10091796
10095444
10096916
10097073
10098719
10100502
10100709
10100810
10102286
10102413
10102538
10105748
10108762
10108819
10109641
10113099
10114492
10114565
10114867
10115095
10115232
10118144
10118242
10121004
10121780
10122923
10123465
10123471
10124548
10126212
10126220
10126255
10126369
10126741
10127085
10128136
10128498
10128754
10130013
10132605
10137249
10137793
10137799
10137807
10140565
10141584
10142775
10143666
10144609
10149050
10154014
10157404
10159397
10159512
10159689
10160452
10167964
10169515
10169521
10169529
10170696
10172701
10178672
10181721
10181786
10185068
10185282
10186694
10193633
10195860
10196877
10196942
10211914
10212076
10212703
10213298
10215838
10217169
10223994
10227814
10227900
10228539
10234147
10234951
10237517
10238828
10240773
10242021
10243208
10243875
10245252
10248511
10248652
10250082
10251651
10254446
10257566
10258033
10258380
10258521
10259661
10262621
10262823
10263337
10263349
10265246
10265807
10266286
10269816
10269823
10269829
10271632
10272997
10273004
10273011
10273017
10273025
10273048
10274293
10278360
10280686
10281002
10282570
10284369
10284567
10286310
10286726
10287265
10287578
10287598
10287810
10288064
10290515
10290550
10290791
10292242
10295743
10296127
10296729
10297057
10297646
10297711
10298208
10299583
10299619
10299979
10301222
10303315
10309347
10309353
10309816
10311671
10313585
10313831
10315711
10317505
10319620
10320207
10325539
10326208
10328392
10329034
10329336
10330919
10332249
10332764
10333985
10334859
10334924
10336012
10336707
10339088
10340548
10340557
10340563
10342274
10343025
10344455
10344673
10347203
10347276
10354851
10355066
10355713
10356612
10357666
10357672
10357678
10357684
10357752
10358052
10359413
10360681
10362534
10362806
10364320
10366640
10367675
10368604
10372098
10377371
10377626
10378539
10380334
10385482
10385805
10385812
10386553
10386559
10386565
10386571
10386577
10387691
10392575
10394311
10397419
10398428
10399023
10399422
10400223
10401959
10404155
10409595
10411119
10412419
10416048
10417907
10420593
10421181
10422243
10422785
10426742
10427421
10429066
10430093
10432721
10437755
10438208
10438278
10439572
10439696
10442660
10443802
10445125
10445547
10445630
10445783
10447585
10452431
10454686
10455538
10457235
10458015
10459260
10464294
10464852
10464881
10465328
10469308
10469816
10470348
10471296
10471745
10471837
10474201
10474779
10475099
10476043
10478499
10480315
10480327
10480826
10482937
10483143
10483225
10483282
10487892
10493100
10493704
10494029
10495361
10495464
10496200
10498014
10498080
10498102
10500795
10504840
10504924
10506406
10506571
10508379
10510767
10511963
10513677
10521250
10521256
10521431
10521643
10522562
10525965
10525979
10526251
10526350
10532926
10534583
10537211
10539368
10545877
10547864
10549969
10550447
10552465
10552750
10554175
10555923
10556341
10558182
10558281
10559874
10560190
10560269
10560426
10561091
10565273
10568526
10568532
10568538
10568544
10568552
10570063
10575982
10576007
10576204
10577960
10580941
10584619
10586472
10595939
10598067
10598169
10600938
10602748
10604343
10604424
10605444
10606304
10609212
10609653
10609928
10611460
10611598
10611606
10612942
10612949
10613403
10616761
10618348
10618424
10621158
10624367
10624466
10625654
10625926
10626240
10631127
10632319
10634093
10637097
10639953
10640071
10640092
10643196
10643986
10644017
10644489
10647570
10648883
10650209
10651075
10658055
10660045
10661366
10662926
10664598
10664702
10669549
10670213
10670244
10670264
10670949
10673788
10674789
10674797
10678475
10680013
10680197
10680221
10683223
10683231
10683331
10687675
10689849
10691149
10691163
10693510
10695136
10697119
10697680
10699025
10699035
10699041
10699047
10702069
10702075
10702142
10704766
10706738
10710703
10712822
10712894
10713584
10713805
10715069
10715145
10716841
10716871
10720722
10721734
10722283
10723578
10729562
10732167
10734257
10735163
10736605
10740552
10741498
10742435
10743113
10749268
10749956
10749976
10751896
10753345
10754110
10754124
10761200
10761379
10762307
10762398
10763882
10764839
10765153
10767725
10770189
10770336
10772073
10772775
10772969
10774433
10775697
10777013
10780511
10783473
10786713
10787691
10787711
10787831
10789037
10789762
10789834
10790732
10791114
10793636
10793812
10798128
10801418
10802439
10803617
10804171
10805749
10806822
10807306
10808155
10809945
10810488
10811490
10814761
10815625
10816085
10816103
10818602
10818924
10820282
10824581
10825687
10827271
10828400
10829934
10829940
10830130
10832329
10835712
10836453
10839332
10839585
10842969
10844823
10847566
10849870
10851661
10853931
10853940
10855724
10856815
10859428
10859449
10862441
10862503
10865444
10868064
10869289
10870073
10870460
10870739
10873930
10876284
10877673
10880930
10882231
10882365
10883531
10885091
10885950
10885957
10886149
10886249
10886454
10886464
10886470
10886476
10889722
10891809
10892029
10892358
10892364
10894360
10896962
10897267
10898076
10899371
10899506
10899526
10899532
10899792
10901540
10904649
10905548
10906058
10906066
10906225
10906387
10908522
10909290
10910194
10912166
10913972
10916134
10919443
10920448
10923067
10924127
10925657
10930510
10937611
10939148
10939715
10943106
10943215
10943221
10945016
10946340
10949758
10951832
10954593
10954599
10954605
10954613
10961097
10961827
10962160
10963107
10965500
10969818
10970237
10970416
10971046
10971662
10975024
10977521
10981060
10981163
10981962
10983766
10984337
10984679
10984836
10985787
10987258
10988265
10991682
10992732
10997674
10997727
10998016
11000672
11000679
11002685
11006634
11009849
11011347
11011856
11013119
11013806
11017491
11017538
11018042
11018268
11020350
11020356
11020402
11028319
11029804
11029812
11029818
11029824
11030331
11032522
11032539
11034228
11035050
11035110
11035339
11035345
11036366
11037197
11038420
11038608
11040047
11040650
11042586
11044492
11044498
11044504
11044654
11051233
11051400
11051429
11054518
11057579
11058133
11059605
11060107
11060532
11060562
11060882
11065185
11065975
11065996
11071176
11074652
11077120
11077448
11079463
11079585
11082530
11082555
11086929
11089190
11091781
11094401
11096447
11099187
11099332
11101793
11103059
11107730
11109660
11109782
11110016
11111567
11111638
11112138
11113013
11115479
11115733
11116087
11129276
11129630
11129884
11132351
11133226
11133724
11133797
11135347
11135577
11135702
11137628
11139929
11140080
11142031
11148857
11151008
11155605
11155612
11157497
11157737
11160841
11163059
11163617
11165856
11166224
11168201
11169856
11173827
11173853
11173869
11173984
11175843
11175849
11178524
11184051
11185627
11185798
11187582
11189484
11189623
11191832
11196056
11196062
11196719
11196729
11197624
11199968
11200684
11202518
11207207
11207220
11207580
11208249
11208713
11210744
11213105
11218081
11222442
11224134
11227439
11227606
11228620
11228730
11228982
11231291
11233129
11237838
11240895
11241646
11242940
11244203
11249211
11249229
11249289
11249295
11249303
11255016
11255028
11255034
11255489
11260161
11261439
11262341
11262351
11262357
11267303
11267910
11269984
11274151
11274161
11280677
11282537
11283287
11285108
11285131
11285137
11285143
11285330
11286591
11287383
11288557
11288581
11288587
11288644
11292474
11294004
11294593
11295794
11297512
11298100
11298440
11305829
11310863
11311414
11313823
11314372
11315214
11315626
11315633
11316276
11317068
11318692
11327016
11327768
11333073
11333962
11334095
11334282
11334594
11335189
11335581
11335587
11335593
11335607
11335722
11336851
11336963
11339083
11339720
11341375
11341551
11342606
11346902
11348427
11348729
11350169
11350232
11350936
11350954
11351648
11353765
11354716
11355281
11355823
11357533
11360122
11361864
11361875
11361881
11361887
11363410
11363950
11364498
11364958
11365462
11367005
11367011
11367017
11368605
11373144
11373394
11374781
11377190
11377502
11377772
11378573
11379602
11379677
11381252
11384007
11384334
11385697
11388892
11392861
11392930
11393707
11394958
11395235
11395341
11395731
11395925
11398104
11398667
11398837
11398843
11403630
11405819
11406021
11406042
11408842
11409897
11410120
11411800
11411940
11412256
11412484
11414077
11414520
11415462
11418342
11419490
11420146
11420209
11421072
11421113
11421260
11421266
11422339
11423998
11426779
11427562
11428963
11429085
11431291
11435699
11435705
11435711
11435717
11437081
11439276
11441965
11441973
11444572
11452805
11454466
11456556
11460152
11460186
11461140
11461508
11461932
11462566
11467375
11467513
11471069
11472165
11472626
11484430
11485820
11485958
11486053
11489197
11489931
11489986
11492293
11492335
11496638
11498219
11498618
11499774
11499939
11504603
11504609
11504615
11504621
11505139
11505772
11505800
11506410
11507224
11507268
11513778
11515487
11516469
11517745
11519385
11528910
11529313
11530334
11530615
11534144
11534996
11536117
11538214
11538235
11538317
11541122
11545545
11545663
11546207
11547187
11548644
11548714
11548722
11548952
11550506
11551439
11555212
11557203
11558590
11558616
11558946
11559070
11559516
11559719
11564126
11565571
11566048
11566057
11567871
11570737
11572018
11574251
11574257
11576096
11579156
11579711
11579717
11579820
11581448
11582157
11583420
11583426
11583440
11584631
11585111
11588564
11589399
11590403
11592340
11592487
11595467
11595775
11597759
11598722
11599203
11600932
11603076
11603870
11603882
11605419
11611314
11612727
11614734
11615707
11615826
11616821
11620721
11620820
11622094
11623220
11624391
11625061
11630068
11632908
11633258
11633860
11637244
11640234
11640337
11640349
11642422
11647783
11648288
11649298
11650196
11651646
11652173
11655254
11656220
11656325
11657788
11658389
11658421
11658437
11660743
11661600
11663350
11663600
11664760
11666661
11666961
11667265
11669463
11673128
11674531
11675200
11676119
11677765
11677854
11678496
11679942
11681041
11683767
11683935
11683944
11686938
11688336
11688344
11689463
11689771
11690376
11691890
11694157
11697912
11697918
11700221
11705007
11705737
11706220
11707211
11707847
11708560
11711298
11712535
11713974
11714476
11714482
11714488
11716771
11718265
11719068
11719203
11723062
11723360
11723368
11726549
11731170
11731301
11731888
11735895
11736025
11736066
11736088
11736094
11737165
11738589
11740456
11741844
11741886
11741961
11742081
11742450
11744539
11744576
11747054
11750213
11750229
11750552
11751223
11754041
11762004
11763043
11763924
11764756
11764774
11768551
11769094
11769971
11776847
11777640
11777819
11779617
11780120
11780622
11781735
11787555
11787817
11787951
11788272
11788464
11789911
11792982
11793358
11794265
11797534
11797557
11798681
11800430
11800980
11803779
11803808
11805553
11805602
11806439
11807292
11809171
11809244
11810552
11810682
11810850
11812030
11812176
11814512
11814560
11814900
11817804
11818413
11824806
11831179
11831197
11832063
11833567
11834122
11834128
11838734
11843741
11844752
11851446
11851678
11852975
11853018
11853941
11856095
11856105
11857841
11858602
11862735
11864139
11864945
11867151
11867273
11868332
11869119
11869852
11871952
11874908
11877040
11877917
11880008
11882988
11887424
11890289
11890305
11890913
11892281
11892288
11896476
11896513
11896523
11896897
11897424
11897628
11903078
11903730
11904115
11904183
11904740
11907120
11907995
11910361
11911574
11912688
11913900
11917327
11920007
11920568
11920651
11921687
11924783
11925769
11926797
11926906
11928471
11935525
11935536
11935862
11938401
11939621
11940820
11942211
11942476
11945233
11945803
11947283
11947782
11948232
11949515
11954451
11954465
11955213
11956687
11957218
11957980
11962864
11962944
11963322
11972011
11974459
11979505
11979512
11982733
11984306
11985417
11985993
11986844
11986900
11991294
11997907
11998997
11999003
11999009
11999392
11999579
11999789
12000064
12000805
12003346
12003353
12003600
12003661
12003740
12006400
12006489
12006502
12006512
12009703
12013786
12014890
12019759
12019984
12024678
12024783
12025190
12025360
12026016
12026357
12029479
12029489
12032386
12032394
12034729
12039281
12041993
12043280
12043439
12049075
12053978
12054042
12055847
12057282
12058475
12058985
12060230
12060816
12060849
12061862
12062987
12063866
12064680
12065466
