P:\CS423\lab1\chr05_tata_subs_tataca.txt
TATACA
706
1688
3572
5056
5113
9939
13533
18927
21500
22861
30047
31118
34797
44065
45158
47286
54855
56961
57907
61260
65418
67947
73669
87465
87815
87823
90873
98557
100956
105423
113747
118477
118495
119975
126801
126842
127584
128680
128779
130743
130766
130772
132143
133667
134119
135807
136724
136852
137591
137602
139116
142163
145581
147283
147579
155886
159519
160304
165203
165892
168005
169233
174844
175232
176511
176531
187833
188241
190097
190180
198094
200433
201599
210495
211021
211671
213365
215695
216893
219628
224846
228238
229492
232888
236721
237700
239665
242782
247077
251045
251845
253211
260670
260785
262402
264263
266196
270570
270790
280529
294437
298012
298335
299943
301736
309300
310129
311125
311190
313668
320640
331680
332250
336574
337009
337668
337938
342925
347739
349472
352913
356358
358019
364100
364291
366115
366827
372098
372477
373516
373840
374133
377115
384911
388524
405019
407057
410755
412793
415487
416211
416629
417550
421834
422677
422999
423761
423767
423785
429064
430553
432817
436364
439096
439921
446655
448705
449151
450510
452099
452272
452532
453736
453815
454807
455619
461636
465131
465466
468619
468806
471654
474558
476433
478525
478994
483433
484833
489001
490407
492270
492349
493341
494156
495739
496718
497764
501121
501746
503260
506379
508645
514242
518565
522872
522921
523230
524536
527686
528187
531499
532928
534561
536398
539131
539138
540737
542893
545126
547536
547648
549238
550814
552601
554575
557113
557650
558846
562693
564369
569873
570675
571433
574739
577907
579594
580652
581518
582314
585132
590850
591144
594861
595214
599259
599394
609632
614822
619830
620853
631942
635934
636716
636830
639450
646716
649439
655165
657321
657891
659740
663273
663865
666919
668194
672452
678087
680665
682769
684935
685314
689518
690478
698224
698884
699331
700356
707448
710317
713742
714028
714064
717166
717320
720768
722096
723251
728383
729582
731885
731990
732890
734234
736410
742567
745169
745839
746900
749502
752179
760890
763244
765205
767013
780249
789954
790036
797948
801635
802632
803207
806279
809287
813820
817846
825736
826209
826961
828496
829312
833145
834170
838835
847345
849040
865106
867113
867525
868100
872613
873831
874259
874630
875503
876289
876297
876305
876337
877735
880475
887151
888818
895157
898662
899685
903014
905991
906089
912296
914724
917859
918158
919392
919585
920893
928345
930547
930708
932654
936303
937069
937151
937875
941786
943128
944991
947162
950865
953892
954612
957099
957861
959914
960510
960666
960755
962958
965878
967978
973798
975399
976430
983441
987790
988036
989085
991149
991155
991596
992256
998368
1011417
1012594
1013108
1014689
1016810
1022061
1022559
1023016
1029567
1032302
1032546
1036405
1041748
1042733
1044387
1047851
1048889
1049027
1052010
1052598
1052620
1054509
1055749
1057302
1058465
1058982
1063468
1067338
1067956
1070311
1077436
1078166
1081139
1081179
1083095
1086999
1095821
1095835
1100152
1100230
1104156
1104162
1104168
1109272
1110269
1111838
1116508
1120767
1124883
1126507
1127189
1128055
1129133
1130750
1132611
1140731
1142024
1144619
1145077
1147207
1150864
1151722
1153954
1155205
1157678
1158769
1160923
1167583
1168010
1168312
1168974
1169804
1170626
1171347
1172709
1176694
1180011
1184579
1185693
1188401
1193124
1193582
1193665
1194220
1195165
1196151
1197352
1202643
1204752
1210121
1210685
1212047
1214814
1216173
1220042
1224008
1225946
1228534
1229051
1229776
1231384
1233729
1242905
1244458
1246350
1249527
1250124
1253140
1253235
1253257
1253982
1253990
1253996
1254004
1254061
1257186
1257265
1258317
1259431
1259753
1259973
1260280
1267939
1268403
1268453
1275139
1280079
1281532
1282741
1283447
1283468
1283832
1284854
1285370
1286320
1288125
1289164
1291458
1293528
1297627
1298390
1302696
1303424
1303430
1303455
1304499
1306310
1306790
1307893
1308423
1314272
1314318
1315343
1319122
1319869
1330906
1331528
1333061
1334445
1334626
1335676
1336382
1336539
1338011
1339999
1344427
1344570
1344927
1347711
1354914
1355773
1360812
1361145
1368125
1371273
1375021
1375264
1379601
1380994
1386038
1388980
1389609
1391170
1392282
1392907
1393326
1398757
1398846
1402386
1406264
1406358
1406466
1406701
1415990
1416980
1428033
1429899
1430619
1432538
1435860
1452495
1456720
1458312
1460456
1462616
1463593
1464290
1466731
1469497
1469850
1474643
1474994
1475083
1477119
1478363
1483607
1485023
1495161
1496826
1502249
1502987
1504191
1507704
1514896
1516506
1516888
1518027
1518710
1528012
1528956
1529853
1533038
1536329
1537581
1537883
1543029
1544647
1547010
1553710
1554321
1554575
1561620
1562942
1566517
1567209
1571824
1572726
1573121
1575706
1577620
1578212
1578643
1579655
1585020
1585848
1586814
1594015
1595985
1596164
1602279
1602401
1605136
1607298
1608272
1610042
1610132
1610420
1610537
1610933
1611020
1612355
1623207
1628759
1636855
1638482
1638743
1639974
1644487
1645366
1645380
1646829
1652369
1658300
1666839
1667872
1672429
1674330
1675292
1682621
1686038
1689796
1694043
1698257
1700542
1701709
1703140
1703999
1705295
1707789
1711129
1714779
1715383
1717956
1720116
1721541
1722485
1726018
1732594
1734479
1738810
1738825
1740798
1747646
1752510
1757486
1757640
1757711
1758767
1765299
1775265
1778351
1793249
1794487
1795035
1795609
1796332
1797566
1800337
1802700
1803651
1803680
1804443
1806869
1808124
1814433
1822674
1827403
1827478
1828725
1834529
1835960
1836357
1839211
1842289
1844009
1846694
1850197
1850983
1854648
1862809
1866502
1873050
1880237
1881172
1883114
1885331
1900906
1907391
1907545
1907700
1908245
1908728
1909602
1911593
1914221
1917332
1919825
1921021
1921133
1921177
1922739
1932577
1935025
1938403
1938438
1941226
1941913
1943026
1945849
1948764
1949362
1950724
1951298
1955685
1957306
1957991
1958942
1962083
1963092
1969142
1971699
1972470
1973307
1974213
1975216
1976802
1977408
1978917
1980994
1997331
1999835
2000445
2003980
2005566
2010461
2011150
2011733
2014585
2019203
2019317
2019610
2020111
2021104
2026159
2041980
2041990
2042679
2043756
2044549
2046935
2051066
2051290
2055655
2060260
2062692
2063430
2064344
2068373
2076690
2080214
2080418
2086226
2086421
2088854
2097775
2098845
2101066
2104255
2104801
2108512
2110019
2113238
2114227
2126553
2128439
2128445
2129143
2135558
2135978
2137839
2138485
2141478
2146157
2146699
2150813
2151912
2154445
2163752
2163925
2164185
2165389
2165468
2166545
2167761
2171764
2173153
2175492
2175763
2176020
2179444
2182932
2183207
2185174
2185792
2189139
2190457
2198184
2200137
2203173
2208824
2212410
2221177
2221570
2228773
2232756
2234373
2236234
2238367
2243262
2243951
2245698
2246310
2249763
2249986
2256201
2269165
2274231
2274845
2284540
2286230
2290921
2291001
2294290
2303645
2306798
2310530
2312789
2315586
2317165
2323177
2331190
2332749
2335743
2337959
2340175
2340576
2342105
2343722
2345583
2347213
2351683
2352372
2354077
2354229
2355992
2359237
2360102
2360756
2370284
2373548
2377815
2377971
2379060
2380722
2381695
2381701
2383127
2386287
2386814
2390048
2391633
2397353
2399668
2411046
2412587
2415285
2415907
2417101
2417678
2417914
2419364
2419861
2421230
2422245
2425642
2427464
2431850
2448338
2452731
2455202
2456395
2458258
2458337
2459329
2460141
2462130
2469888
2471851
2472900
2481529
2482872
2485278
2486931
2487459
2489618
2490912
2492585
2493099
2503749
2504572
2505131
2507317
2508165
2509889
2511733
2528665
2533882
2534801
2534826
2536809
2538154
2542669
2543002
2543244
2544475
2548720
2550331
2553180
2555347
2557668
2559924
2561512
2567323
2569186
2569265
2570257
2571069
2572633
2572639
2573206
2574939
2577764
2581007
2581015
2581843
2582903
2585125
2586899
2589205
2589362
2591548
2591661
2592630
2593462
2595358
2598257
2602637
2602761
2603128
2607753
2608045
2608375
2613139
2617262
2618462
2620615
2621616
2626216
2631705
2631811
2632185
2632203
2634958
2637182
2639375
2641270
2644232
2645427
2649249
2649383
2653995
2665557
2665575
2669240
2674812
2676854
2680010
2681240
2681971
2681993
2690884
2697348
2698927
2699730
2703112
2703426
2705086
2711032
2711342
2713682
2714748
2715589
2716039
2716175
2716423
2717134
2719894
2724901
2727105
2729434
2729507
2732349
2732657
2736549
2736691
2738862
2743440
2743663
2744153
2744630
2744838
2745899
2748790
2753483
2754757
2755721
2756148
2758073
2759002
2759554
2761679
2776877
2776907
2777164
2777727
2778458
2781083
2784377
2784485
2788268
2788286
2791691
2794677
2795169
2796615
2796721
2797712
2805501
2812353
2815407
2820296
2822166
2824696
2828598
2831344
2832561
2832806
2840565
2842106
2845527
2846104
2846932
2848369
2852121
2854049
2855681
2858332
2859133
2862428
2867283
2869387
2871505
2874800
2877106
2877231
2884998
2888699
2894247
2898298
2898632
2899945
2899987
2900418
2902093
2903449
2905720
2910041
2911779
2912485
2913414
2918989
2921806
2923343
2923375
2930358
2934723
2934918
2936879
2938158
2938513
2940500
2943836
2959067
2960902
2961246
2966012
2969487
2973039
2977589
2979495
2987750
2988445
2989010
2991101
2992564
2992678
2993204
2995433
2997904
2998270
2999925
3000057
3000330
3004058
3008411
3010520
3011778
3013949
3015511
3016608
3020636
3020729
3022094
3023398
3026435
3030403
3030790
3034048
3035049
3036226
3036883
3039235
3042016
3044654
3051106
3054613
3056309
3056405
3059077
3065594
3066121
3068705
3069723
3073219
3075790
3078770
3081312
3090488
3094893
3094930
3095412
3098871
3099369
3100705
3100759
3100777
3100911
3102192
3104020
3104949
3111718
3111770
3114493
3115099
3117647
3124643
3125837
3126031
3127499
3135805
3138870
3141093
3141102
3141601
3142679
3147711
3150038
3150595
3151398
3152530
3153099
3155087
3155610
3156811
3158894
3162523
3165745
3176221
3177089
3179765
3181589
3183032
3183435
3189076
3189519
3189662
3192914
3193705
3194049
3194601
3195424
3196169
3196928
3200073
3203017
3203254
3204297
3206021
3208414
3208691
3212341
3215802
3216141
3217950
3224248
3229282
3229408
3231495
3235204
3235212
3245734
3246110
3246416
3249990
3258618
3259614
3259736
3266041
3269842
3270140
3274090
3274412
3277649
3279218
3280034
3280447
3285483
3286716
3286782
3288291
3289041
3289666
3290091
3290652
3293463
3294674
3297281
3298265
3298968
3298990
3304899
3307768
3307888
3311922
3314821
3318863
3319025
3324390
3326046
3327472
3328963
3334729
3335378
3340276
3340965
3343556
3344180
3344608
3346127
3348809
3350523
3350758
3354459
3359198
3362793
3368236
3375166
3375267
3378538
3382857
3389375
3390064
3390439
3392467
3394984
3395462
3397084
3403824
3405587
3412149
3413634
3415576
3415736
3423012
3428937
3430289
3433291
3433744
3434040
3435849
3436296
3440453
3443618
3444475
3445208
3445284
3447056
3447430
3455525
3455576
3461666
3461897
3465444
3470306
3474224
3474558
3477335
3481243
3485765
3488022
3492555
3494654
3501721
3505061
3507572
3508053
3527166
3527521
3529642
3531688
3532660
3533011
3539683
3543401
3543715
3548096
3552897
3554554
3560438
3564832
3565910
3566337
3566363
3567901
3569849
3572753
3580285
3582211
3583152
3592726
3599063
3599882
3604672
3606500
3607633
3609250
3611111
3612656
3614918
3617876
3619284
3620284
3624484
3625896
3628034
3630023
3630652
3634227
3635389
3635395
3635473
3639930
3639995
3642150
3642957
3645341
3646090
3650961
3656287
3660154
3662008
3662346
3665014
3670104
3675148
3676448
3676715
3677063
3678828
3681785
3682077
3684449
3685555
3686907
3690083
3691817
3693620
3694817
3700767
3707862
3707870
3708742
3720401
3722228
3725200
3727334
3729257
3730909
3731283
3731400
3731613
3732255
3737276
3739623
3741374
3742980
3743302
3743537
3748972
3749002
3749809
3751360
3756591
3762240
3768778
3771497
3775256
3775517
3776018
3777042
3780105
3783511
3787400
3791563
3792697
3797877
3802124
3806700
3806806
3808286
3812850
3816921
3818247
3821298
3824322
3824541
3826811
3828778
3835175
3837145
3837190
3848341
3849675
3850714
3851759
3852647
3854140
3854258
3854578
3854863
3855633
3856655
3858367
3860710
3865373
3866062
3867223
3867954
3868167
3876627
3879156
3881509
3883725
3886902
3890022
3902016
3904403
3904984
3905397
3910284
3913851
3923112
3925266
3926269
3926444
3928700
3930641
3930708
3930771
3930777
3930854
3930860
3930872
3934308
3938098
3939120
3942132
3943513
3948031
3950761
3952865
3956481
3960897
3965019
3966622
3967363
3969663
3970022
3972314
3972827
3974362
3975113
3981234
3981542
3986034
3987076
3991262
3991755
3998748
4006636
4007845
4008097
4008104
4009219
4009962
4020170
4021123
4023452
4024266
4025243
4026563
4027716
4031785
4037008
4037044
4043166
4048861
4051236
4053236
4057142
4057259
4064732
4066772
4069557
4070409
4080996
4082082
4084217
4085171
4085877
4088313
4089526
4091399
4091605
4093797
4094737
4099140
4103196
4104916
4108264
4113118
4113160
4115260
4117757
4118674
4119220
4120452
4127869
4129173
4131834
4132728
4137403
4139531
4139555
4142467
4142767
4144629
4145160
4145661
4148957
4148979
4151089
4153741
4157180
4157535
4159116
4161675
4162428
4162502
4173575
4176321
4179945
4180815
4187665
4189073
4193538
4197965
4199084
4208016
4216996
4217494
4218287
4228402
4229660
4234232
4235081
4236390
4237152
4237212
4237627
4239178
4246322
4247452
4250021
4251214
4251620
4253688
4254855
4255546
4258001
4258052
4258103
4258154
4258205
4260609
4262611
4265818
4270055
4270780
4274522
4275330
4277193
4277272
4278264
4279076
4283187
4284855
4286122
4287333
4291332
4292297
4298164
4298318
4300688
4300849
4305744
4306433
4307247
4307369
4325139
4328469
4329080
4329866
4330917
4332322
4332539
4332556
4335911
4338694
4340154
4340799
4344846
4345740
4346384
4349252
4350654
4350674
4350702
4350806
4351069
4353637
4356428
4356945
4360862
4366941
4370257
4374584
4375261
4378780
4380811
4382863
4383760
4392035
4395048
4395700
4395832
4396487
4398680
4398781
4399316
4399812
4402343
4403507
4405267
4408014
4408362
4408950
4414612
4414944
4416541
4418827
4424912
4425409
4432262
4434351
4435063
4437206
4437801
4444529
4445379
4452046
4452157
4455917
4455989
4463562
4465495
4465541
4466954
4469177
4470299
4470755
4470993
4474175
4479315
4486862
4489468
4494459
4495808
4495827
4496533
4496539
4498078
4500777
4500801
4502311
4506071
4507393
4507878
4508717
4509035
4510494
4511611
4514825
4520361
4520372
4521192
4524965
4526779
4527611
4533503
4534776
4535122
4535638
4537617
4549157
4551325
4552942
4554803
4556400
4561293
4561982
4562268
4564347
4564626
4567164
4567816
4569864
4571149
4573600
4575002
4575732
4577509
4578523
4578803
4581683
4581717
4581755
4583683
4585781
4587602
4588369
4591445
4596482
4597698
4598799
4602792
4604292
4609133
4611892
4611930
4619340
4621189
4625606
4632415
4633173
4633421
4636105
4636119
4638619
4641256
4641447
4648078
4649257
4649709
4651707
4651737
4652749
4654128
4662566
4664926
4666719
4667212
4669353
4670030
4670250
4672870
4673671
4676064
4679780
4684835
4686035
4686045
4692762
4694178
4698780
4703168
4705063
4706416
4706683
4716890
4717594
4717860
4719542
4725247
4728027
4733910
4733916
4734843
4737416
4740256
4742243
4747905
4750430
4752910
4753203
4753231
4755889
4768222
4769523
4770498
4771528
4771854
4774177
4775287
4776695
4778784
4778869
4782748
4784571
4786777
4787534
4791628
4796438
4796499
4798451
4799400
4799444
4800755
4806079
4810935
4811093
4816394
4818534
4822729
4822957
4826538
4832091
4835292
4835624
4838107
4838988
4840913
4841701
4848766
4850963
4851238
4855211
4856744
4856806
4857532
4862965
4868719
4871877
4872537
4872984
4875267
4880105
4884205
4885789
4886446
4888936
4899071
4905283
4907242
4908802
4910439
4913766
4914819
4915135
4918323
4918820
4919977
4920310
4921136
4924904
4931476
4932334
4937929
4938127
4939966
4943364
4944820
4945388
4946364
4949495
4953580
4953879
4960260
4960607
4969766
4971172
4976067
4977138
4978272
4979138
4980340
4981851
4982987
4984038
4986452
4987399
4988011
4988060
4988158
4990434
4994785
4997498
4997518
4998684
4998695
5000233
5000587
5005948
5008295
5009248
5016976
5018587
5018950
5018962
5019628
5027089
5035086
5035787
5037154
5039207
5039572
5042178
5042964
5044176
5044962
5048058
5049468
5050407
5052728
5055382
5059978
5061142
5061995
5063392
5068015
5068839
5070335
5071590
5072480
5072581
5074185
5075571
5077491
5083575
5084039
5086526
5089249
5090773
5092960
5094970
5106243
5107054
5111169
5111198
5111252
5112431
5124244
5133419
5134163
5134402
5140345
5141148
5142965
5150155
5151454
5161878
5164286
5171259
5171407
5179254
5186098
5186275
5188622
5189849
5190748
5193265
5194903
5197995
5202508
5211617
5212710
5213524
5213818
5216569
5217528
5223787
5224121
5224477
5226253
5231289
5238724
5252000
5252928
5257731
5259522
5261258
5266195
5270052
5270952
5275104
5275332
5284040
5285311
5290223
5290961
5291050
5298224
5300302
5300822
5304438
5309904
5314699
5316039
5319217
5319947
5321510
5321793
5323306
5323567
5332672
5333070
5334273
5339237
5340094
5343777
5347886
5350040
5354719
5360989
5361516
5362166
5363859
5366189
5367387
5370122
5373558
5378451
5379254
5381375
5384083
5384784
5388929
5395177
5400215
5401197
5407650
5410211
5411436
5413162
5413810
5423684
5426665
5426885
5427301
5434531
5435447
5440931
5449855
5457472
5462074
5463788
5468940
5473823
5477214
5481162
5485487
5485636
5487367
5490224
5491753
5492008
5496516
5496925
5497095
5502526
5507394
5510316
5512162
5515931
5519342
5519656
5522093
5524689
5536660
5537454
5543088
5549827
5549870
5550071
5553358
5556500
5559331
5570026
5572207
5573372
5578562
5580468
5583528
5583818
5586319
5589316
5589727
5590710
5594648
5597272
5607473
5608118
5613574
5613806
5618743
5620065
5621060
5621301
5624801
5629433
5635312
5637243
5638433
5640304
5642292
5642505
5644717
5647622
5650476
5651303
5652344
5653018
5653467
5653818
5656901
5658096
5663575
5664963
5665076
5665336
5667558
5682743
5682831
5684941
5688367
5704389
5705323
5705826
5707320
5707546
5708835
5708841
5708912
5709206
5712408
5714662
5715644
5717121
5717616
5718969
5726111
5727109
5727373
5728201
5729274
5730614
5737873
5737908
5740081
5740889
5741591
5742580
5747727
5748140
5748643
5753065
5753401
5753736
5755731
5757953
5759045
5759877
5762159
5762424
5762637
5765562
5769754
5769764
5772316
5775001
5775952
5778148
5779029
5793012
5793507
5797333
5800217
5801068
5805529
5810854
5812509
5816257
5822326
5822968
5824927
5827759
5828847
5831743
5831978
5835045
5840083
5841065
5847518
5850079
5851303
5853027
5853663
5856585
5856673
5871946
5873651
5880035
5891336
5892124
5892585
5909141
5914408
5915814
5916256
5917056
5918227
5918253
5919579
5927884
5927929
5928460
5930589
5936680
5937095
5941984
5942254
5944155
5945035
5949655
5951322
5954493
5955779
5956038
5958770
5961851
5963431
5965607
5968894
5969320
5969671
5972503
5976064
5978713
5979230
5983778
5989730
5990961
5993991
5997976
6007096
6007919
6009305
6018726
6019308
6020293
6023589
6023595
6024157
6024353
6025920
6027432
6032784
6032799
6033281
6034438
6034771
6035597
6036828
6041203
6042526
6046026
6055703
6057155
6057907
6060409
6063596
6068027
6068588
6069353
6070338
6071799
6073152
6074686
6075345
6077654
6080468
6081970
6089343
6093433
6093788
6098514
6102204
6102342
6105744
6105943
6111112
6112696
6113057
6114001
6130274
6131460
6131864
6135170
6136625
6137496
6138585
6138749
6145055
6146387
6149444
6150763
6152133
6153482
6154705
6156763
6158201
6162534
6162573
6167237
6168146
6169452
6171636
6174399
6176459
6176979
6181070
6185066
6186927
6187300
6188321
6188329
6193503
6193549
6198162
6202287
6209729
6210049
6210171
6210454
6210601
6211827
6213062
6218516
6218660
6220434
6223274
6226015
6226194
6231173
6235378
6235554
6242913
6243532
6247708
6249355
6250201
6252065
6252114
6252168
6254325
6265857
6268895
6270221
6271016
6272673
6273142
6279266
6280518
6281307
6284365
6290564
6290899
6292651
6293401
6295126
6297858
6300827
6305418
6307281
6307360
6308352
6309164
6311002
6312865
6312944
6313936
6314748
6316693
6318085
6329362
6336477
6338202
6339643
6347992
6348735
6350495
6354138
6354231
6355957
6356908
6358582
6361993
6369785
6370129
6371519
6371952
6372963
6375408
6377794
6379105
6379762
6381387
6384520
6387853
6388658
6393435
6397386
6401030
6401900
6403002
6403963
6407106
6407614
6412550
6412650
6412658
6417647
6418600
6418757
6423074
6437156
6438329
6442219
6454406
6454696
6461441
6461869
6463575
6465414
6468101
6468407
6468855
6469723
6472296
6472364
6472518
6472980
6472986
6474068
6476031
6483738
6488488
6490567
6497417
6500268
6500682
6500732
6504870
6511161
6511171
6511355
6511459
6513814
6522971
6524737
6529258
6530550
6530746
6534209
6534316
6539853
6540265
6541107
6542779
6550087
6551845
6556252
6560782
6562349
6562611
6566852
6570137
6572081
6572598
6573802
6574589
6576393
6577381
6577610
6578789
6579769
6582495
6583798
6585886
6586501
6586948
6595430
6602634
6603250
6604193
6611906
6612594
6613154
6614711
6620353
6623772
6629183
6631163
6633959
6633981
6642471
6647374
6649444
6652629
6655227
6655285
6658024
6658176
6660845
6661752
6664134
6664272
6665477
6667147
6669726
6672198
6672396
6672591
6675602
6676214
6676340
6683791
6692226
6692852
6695968
6696789
6697050
6697216
6700013
6703261
6705171
6705933
6706286
6708065
6708844
6709358
6710786
6711773
6712401
6712434
6713825
6715971
6715989
6717065
6718943
6720991
6721408
6727971
6733395
6737395
6741182
6741644
6743956
6747185
6748969
6752176
6752194
6757351
6758919
6760611
6763320
6764448
6765439
6769739
6770714
6771697
6783361
6784300
6784991
6788302
6789334
6790101
6790202
6792991
6796380
6797777
6798256
6799809
6801816
6802378
6811670
6812460
6816451
6816744
6823762
6825471
6831221
6834625
6835256
6839815
6842014
6842040
6842054
6847375
6848431
6856768
6856838
6858174
6860628
6862211
6866634
6867414
6868898
6869753
6869988
6870036
6878481
6878865
6879563
6880089
6880975
6883629
6886484
6891388
6894131
6894139
6894460
6894879
6898643
6903188
6903207
6903274
6907408
6909156
6910841
6911890
6912053
6912995
6916824
6930587
6930734
6937770
6938719
6941480
6942604
6944995
6945441
6946967
6949212
6949236
6949711
6951977
6955040
6956904
6957598
6971390
6974197
6974230
6975004
6979321
6982891
6983509
6986007
6987881
6989261
6992202
6995042
6995859
6996736
6997551
6997824
7002860
7008670
7014611
7016453
7017763
7018238
7022050
7029734
7031845
7031856
7035926
7040551
7042762
7044502
7044840
7046954
7049306
7049908
7057904
7059792
7059800
7059815
7061026
7062470
7062820
7077190
7083199
7084453
7085155
7085329
7088527
7089490
7089625
7091310
7092680
7095238
7103017
7103045
7109943
7109970
7111313
7111631
7114526
7121789
7122816
7130280
7130685
7131967
7132039
7132398
7132423
7132698
7135328
7135359
7138430
7142887
7142978
7145731
7145738
7147589
7148457
7151802
7152444
7157202
7159655
7160669
7161376
7169206
7179677
7186549
7190008
7195676
7205845
7207241
7208443
7208715
7208755
7210708
7211430
7215387
7216078
7223935
7234578
7240723
7247012
7250189
7252547
7255724
7256520
7257502
7259057
7261117
7267445
7270191
7270264
7271576
7273641
7276879
7276921
7279134
7284240
7284282
7285308
7285457
7285749
7287675
7292341
7296707
7297458
7298138
7314628
7314906
7331835
7333141
7333248
7336646
7338111
7338703
7339801
7342477
7343532
7344014
7344517
7344978
7359515
7359717
7369557
7369946
7369974
7373547
7375412
7375698
7380918
7385669
7391699
7398792
7402708
7402895
7408485
7409974
7412068
7415208
7416345
7416626
7417823
7421333
7426095
7426230
7429097
7429574
7429978
7433277
7435314
7439782
7441059
7443343
7444013
7446404
7448340
7451681
7451930
7456689
7459678
7464577
7465266
7467903
7473343
7475109
7475202
7476714
7481855
7487046
7488355
7493061
7498892
7499574
7502440
7502473
7504115
7510101
7510343
7511267
7512220
7512322
7513658
7513750
7514180
7514689
7519821
7520207
7527381
7528205
7528888
7532313
7534521
7538435
7543286
7543721
7546297
7566145
7570844
7570922
7571923
7587313
7587426
7587469
7591544
7591611
7597337
7598847
7606342
7608607
7609192
7618267
7618354
7622300
7624746
7625105
7626232
7626796
7632822
7635465
7647101
7652908
7654019
7661311
7662409
7671238
7672996
7677307
7686457
7689416
7689635
7689863
7692472
7693338
7694416
7696187
7696407
7704787
7705077
7705324
7705544
7720572
7725470
7726159
7734375
7736031
7736330
7745748
7747325
7750659
7757512
7757672
7761114
7761900
7768047
7775093
7775865
7778119
7780799
7785320
7785334
7788051
7793967
7795230
7795644
7798319
7798822
7801639
7803079
7803201
7803840
7805181
7805216
7806744
7807765
7808039
7809258
7810837
7811099
7811358
7817967
7817976
7821396
7822344
7830331
7831316
7833829
7837176
7838304
7840167
7840246
7841238
7842050
7850334
7858836
7862289
7870865
7870902
7871284
7873388
7880670
7880703
7880726
7890098
7895983
7897846
7897927
7898919
7899731
7902043
7903557
7904379
7905681
7909659
7909769
7910226
7911295
7912559
7913857
7914508
7917361
7927673
7931966
7932501
7932719
7933242
7936110
7937399
7944333
7949686
7951410
7952095
7954916
7957899
7961355
7963098
7965256
7970159
7972184
7972377
7980184
7982597
7984709
7997142
8002220
8007842
8009764
8010652
8011302
8011472
8012200
8012838
8013709
8020543
8020838
8024928
8025461
8032389
8034991
8037314
8037753
8037792
8041550
8042334
8057330
8058599
8062670
8064970
8065357
8066741
8067173
8072503
8072591
8073137
8079090
8082323
8083941
8084824
8085624
8085804
8085910
8086083
8093842
8093901
8094391
8097902
8099543
8102065
8103956
8105058
8106133
8110572
8112661
8118205
8119486
8120152
8126474
8130878
8132431
8132826
8134317
8134410
8141637
8143395
8149474
8154732
8156999
8172856
8174746
8178898
8186658
8188275
8190136
8191773
8200625
8202834
8207686
8207789
8209449
8212404
8213830
8214917
8231778
8232647
8232706
8234323
8240024
8243107
8244704
8246371
8249555
8250696
8251954
8260605
8262483
8262496
8265695
8269050
8270060
8276583
8281531
8282201
8283891
8290036
8291100
8293380
8300141
8301598
8309197
8312766
8319429
8325063
8328240
8328956
8329286
8332228
8334153
8337101
8341592
8344692
8348603
8350147
8350643
8352492
8352627
8353611
8366404
8367757
8367909
8370321
8370608
8370950
8375587
8377065
8377311
8377929
8380534
8380540
8380546
8385857
8390393
8392109
8396766
8401014
8402904
8405278
8408626
8414089
8415856
8416028
8418169
8423737
8423865
8423901
8426620
8431934
8432263
8438800
8442620
8444366
8452327
8455520
8457685
8457693
8458103
8459993
8461709
8474420
8478762
8482554
8488286
8494217
8494256
8494454
8501481
8502645
8502656
8503481
8503910
8506035
8507500
8509363
8509442
8510434
8511246
8512859
8519667
8521530
8521609
8522601
8523413
8525427
8527671
8528266
8528336
8529112
8540042
8540207
8541106
8545365
8545549
8546981
8553272
8553746
8553832
8557385
8558815
8560181
8573898
8575077
8583284
8584102
8586013
8586953
8594008
8600199
8600877
8609102
8609505
8611211
8611889
8612922
8613207
8621688
8628402
8631393
8639656
8641934
8642119
8642151
8644053
8644572
8645092
8645817
8649982
8651875
8654789
8660283
8662068
8666507
8666832
8676255
8678369
8679776
8684337
8685358
8686315
8690683
8690771
8694560
8695385
8695468
8700367
8701056
8703740
8707054
8710445
8710540
8712295
8715528
8716673
8717024
8717748
8718347
8719464
8719561
8722362
8722507
8723955
8724691
8725720
8728601
8732141
8733425
8733434
8738609
8738797
8739398
8742886
8743145
8744861
8745160
8746354
8749037
8750070
8757417
8768160
8776374
8778645
8781079
8783463
8786582
8788576
8788865
8789926
8790439
8790991
8791869
8794235
8795095
8801889
8803984
8811293
8813062
8816759
8817420
8821342
8822059
8822150
8825782
8826026
8827255
8828620
8830147
8832103
8835595
8844039
8848204
8855860
8858954
8861768
8871663
8872835
8874540
8874611
8877198
8878772
8879476
8880156
8881458
8883619
8884618
8887083
8888061
8893922
8905102
8912423
8915723
8915883
8919875
8923562
8923689
8925772
8927524
8928642
8935519
8935625
8940317
8940959
8942920
8947991
8948683
8960666
8968000
8969160
8969742
8969840
8974219
8974260
8975699
8975997
8978184
8978392
8981946
8983531
8988534
8990834
8994317
8999804
9001232
9002540
9005812
9010189
9010459
9010822
9011853
9012970
9015818
9018072
9020767
9025813
9034823
9035915
9036525
9038026
9039437
9044270
9047413
9047504
9053421
9059495
9060040
9060671
9062060
9062587
9064095
9066229
9067631
9076645
9081069
9081864
9082709
9089177
9096275
9096561
9099517
9103136
9105112
9106681
9108505
9109174
9110811
9112794
9116964
9118177
9119697
9120429
9122981
9123081
9124842
9125698
9127435
9128918
9129526
9130644
9131382
9137048
9139058
9139870
9141543
9147350
9147418
9147543
9148778
9153110
9155947
9157986
9159914
9166452
9168239
9172645
9174339
9174377
9175508
9184615
9187058
9190225
9190450
9191255
9192691
9193725
9200710
9203781
9204612
9204946
9208852
9210585
9212840
9221517
9233700
9234946
9236414
9246396
9246627
9249399
9254469
9254802
9257591
9261493
9263104
9265891
9271693
9271875
9273717
9275421
9275712
9276105
9277319
9278383
9278675
9279915
9281418
9282276
9283039
9287706
9292394
9292412
9292423
9295413
9295972
9301230
9308698
9308769
9310580
9310641
9315614
9316519
9319228
9320128
9324569
9325517
9327042
9328635
9329741
9329747
9330640
9335006
9338874
9343811
9349393
9351842
9352118
9352230
9355026
9356051
9356182
9358668
9359137
9360272
9363749
9364249
9367803
9369632
9370502
9371112
9374756
9375166
9381687
9381946
9383005
9383011
9383642
9384895
9388160
9390062
9391298
9396356
9396505
9398806
9399939
9403743
9404859
9405826
9407137
9415711
9424358
9428091
9432791
9435089
9438483
9443405
9445126
9446916
9449125
9453814
9456940
9459815
9464320
9465818
9466019
9466210
9469770
9474440
9474501
9475177
9477057
9478153
9487539
9493295
9495315
9498945
9501057
9502210
9505186
9507675
9509359
9510190
9521056
9521439
9521774
9523195
9523549
9523632
9526990
9527465
9528681
9530336
9530577
9530885
9533765
9535486
9535519
9538820
9539093
9539141
9539230
9540232
9540808
9542891
9552013
9554445
9559892
9560972
9562366
9562671
9563266
9565072
9573787
9577154
9578615
9584892
9585138
9585179
9587601
9589433
9590236
9592652
9594786
9599792
9606278
9613329
9613724
9613752
9615838
9619564
9628877
9631435
9634757
9634931
9641948
9644228
9644856
9645071
9647827
9649294
9649958
9655822
9659458
9662980
9663876
9672925
9674159
9676901
9678438
9680481
9684521
9689869
9690380
9691504
9696527
9696555
9697909
9698170
9698758
9699010
9700005
9700288
9702646
9705420
9707245
9707255
9717079
9721051
9723193
9724026
9724032
9725553
9726999
9730139
9732056
9732780
9740229
9744850
9746508
9749903
9750714
9750879
9752806
9757449
9757659
9758396
9761330
9763569
9763996
9766925
9767711
9768788
9768867
9769841
9770653
9772690
9773167
9777382
9777432
9777989
9781200
9781466
9782367
9786994
9789245
9792853
9793135
9796207
9796466
9801919
9804210
9804855
9807783
9809298
9814926
9816442
9820814
9821126
9822552
9823299
9826639
9827038
9827717
9832051
9838531
9838541
9840233
9842653
9848664
9852494
9852885
9855630
9856740
9856777
9859460
9859773
9860759
9862976
9866811
9866934
9872466
9873099
9873285
9875939
9876435
9879201
9879969
9883090
9883859
9885195
9886044
9886082
9886696
9889736
9891371
9894095
9894156
9896120
9900297
9900311
9900889
9903159
9910931
9911236
9916869
9920246
9923298
9924300
9925719
9926339
9929627
9933175
9933874
9935556
9938654
9938929
9941634
9942118
9942174
9951857
9953046
9955381
9958684
9966461
9966740
9968231
9974167
9974973
9975014
9975141
9976740
9978638
9979095
9980404
9981444
9982684
9987368
9987436
9992833
9996840
9997963
10000197
10000682
10011566
10014555
10021841
10026256
10030566
10032221
10032791
10032895
10032913
10036050
10037100
10039820
10041124
10042905
10048268
10048547
10048598
10048887
10049569
10050285
10050306
10052945
10054230
10054894
10057860
10058508
10068251
10070411
10070872
10072194
10072612
10076283
10076814
10079284
10079315
10084503
10086028
10089172
10089468
10092774
10097134
10098726
10102288
10102542
10105159
10106287
10106897
10110234
10112711
10114473
10114494
10116198
10116556
10118204
10118244
10118439
10119270
10121010
10124391
10127371
10129009
10131205
10132156
10132595
10138792
10144828
10149801
10151664
10151743
10152735
10153547
10162245
10167543
10167657
10171489
10178676
10178916
10181374
10182681
10190440
10190535
10190954
10193622
10196970
10199056
10201458
10202510
10204264
10207159
10208554
10209922
10210921
10211897
10213917
10214202
10215188
10216430
10216455
10217173
10217275
10219834
10220118
10229428
10230197
10232115
10249984
10250086
10250102
10250636
10254632
10257756
10257762
10258035
10259385
10259486
10262711
10262979
10263341
10263806
10265248
10269835
10271574
10272956
10278594
10279134
10281027
10281422
10281758
10282685
10286236
10290542
10290793
10294697
10296606
10298181
10299303
10303317
10308532
10309357
10313483
10313803
10315112
10315715
10317507
10318622
10321619
10323711
10330716
10332218
10338083
10338899
10343179
10348391
10350239
10350448
10352124
10353288
10354499
10354603
10355357
10356481
10356750
10358072
10359723
10361866
10364497
10364915
10366367
10366512
10370128
10380778
10386926
10387271
10392060
10402422
10402724
10403126
10403566
10404157
10406932
10409194
10412045
10412246
10416050
10416931
10417909
10420243
10422245
10428276
10430598
10432536
10432712
10432723
10433612
10434209
10435815
10436610
10442662
10444253
10444510
10444704
10445117
10445414
10452433
10453294
10456782
10458112
10467545
10474756
10478631
10483478
10484278
10485956
10487274
10487348
10490184
10497446
10498082
10498146
10499109
10500512
10503634
10504173
10510400
10514372
10515714
10517814
10518374
10518830
10528647
10546177
10547873
10548460
10549100
10550449
10559752
10565736
10570065
10570607
10574811
10576082
10578121
10579269
10590402
10591370
10594780
10597752
10600367
10601250
10602109
10602832
10602864
10612951
10618109
10618350
10624926
10625732
10626914
10628777
10628856
10629848
10630660
10633068
10633190
10634140
10636785
10641073
10641660
10644921
10651069
10659612
10663293
10674684
10679756
10685859
10686742
10687381
10687641
10689878
10693512
10696650
10706536
10707316
10707499
10711505
10713767
10715147
10715153
10720716
10721572
10722253
10723595
10727177
10728287
10729572
10734965
10743117
10746877
10748300
10748379
10749958
10753338
10754114
10760287
10763843
10767667
10774435
10775480
10775705
10777932
10777939
10780494
10780523
10785158
10790313
10791034
10798540
10798751
10801919
10802251
10803805
10805719
10805897
10806489
10806922
10806954
10807310
10807410
10809975
10811346
10812994
10817495
10819132
10821651
10825476
10825625
10826093
10829942
10830735
10831736
10832818
10833099
10836420
10839587
10843528
10843826
10843838
10844672
10845816
10846711
10849335
10849861
10851379
10857813
10868070
10869757
10873400
10874097
10878022
10878885
10880478
10883336
10885630
10886615
10891811
10896179
10898684
10899047
10905554
10906060
10906227
10910180
10910196
10911623
10912557
10914625
10915611
10916136
10918334
10922721
10925995
10926012
10931120
10931668
10933210
10939298
10946582
10946771
10951635
10952954
10954789
10955466
10957543
10960664
10961242
10964100
10964816
10968171
10975856
10977495
10977525
10977618
10978885
10981690
10983125
10983768
10989982
10991534
10992379
10997667
10998008
10998018
11002689
11004306
11006167
11010393
11011791
11012533
11016613
11017540
11018513
11020404
11023384
11024892
11027961
11029741
11030333
11030979
11032524
11034051
11035446
11037201
11042369
11044552
11044670
11046161
11049903
11050558
11050606
11051657
11054520
11054932
11056137
11058252
11060534
11061384
11076380
11076920
11078948
11081961
11082992
11084868
11089846
11091785
11095608
11095903
11097199
11097512
11097747
11099840
11105936
11107732
11115541
11115770
11119331
11124930
11129886
11130582
11132353
11135704
11135901
11142033
11142500
11149337
11150996
11153068
11156731
11157499
11157727
11161167
11161800
11165451
11169487
11171580
11171768
11178120
11178409
11179838
11181701
11181780
11182772
11183584
11185694
11185970
11188348
11192250
11196723
11199419
11199970
11202520
11204232
11204312
11207062
11207222
11210406
11212147
11215947
11227620
11228622
11234926
11239646
11240170
11240400
11249248
11249297
11251101
11255002
11255022
11255036
11261157
11262172
11262335
11262363
11264236
11269255
11271168
11271856
11273594
11276983
11279779
11281776
11287385
11288646
11288948
11289204
11289795
11291150
11292476
11293980
11294804
11304450
11305031
11305323
11310865
11315216
11317086
11318686
11318694
11319567
11319661
11322083
11323408
11325528
11327762
11327772
11331199
11332543
11333108
11333857
11335079
11335611
11336965
11338297
11340464
11349698
11350539
11350938
11351612
11351618
11351698
11353983
11355294
11356418
11357117
11363755
11364960
11367023
11373404
11377194
11384322
11387021
11388894
11388902
11390689
11391020
11391608
11395510
11397364
11397867
11398800
11409379
11412179
11412260
11412486
11413553
11413892
11419358
11420435
11421278
11421440
11427799
11429046
11429087
11435861
11449511
11451958
11453347
11453532
11454779
11454925
11456558
11458279
11460174
11463487
11469043
11471395
11472850
11475529
11475576
11486952
11486976
11488261
11488476
11489988
11492561
11492574
11495963
11512353
11513125
11515013
11517398
11527696
11529460
11533254
11535291
11536928
11540444
11541124
11542388
11546970
11548646
11548716
11549443
11549512
11552322
11552329
11556872
11556928
11559785
11565637
11566739
11567069
11568431
11569066
11575405
11579853
11583405
11590160
11590168
11590405
11593716
11595015
11597455
11598724
11599466
11603026
11603260
11609320
11610734
11611316
11614738
11618076
11620828
11637255
11637543
11639278
11642607
11642643
11647039
11650825
11651648
11651657
11651663
11653659
11654257
11661848
11662218
11679097
11679572
11679952
11680683
11681222
11683845
11686940
11687969
11692097
11693783
11697924
11697934
11697970
11699822
11701538
11701724
11704966
11705014
11705739
11707309
11714913
11719105
11720595
11721056
11723362
11724554
11726551
11732671
11734904
11743903
11744966
11747515
11750215
11754047
11756854
11758460
11760084
11762006
11762480
11769096
11770011
11771138
11771175
11772506
11772935
11776395
11776477
11780072
11786737
11787326
11790330
11790883
11793837
11796041
11802348
11804524
11805814
11809450
11812034
11812461
11814065
11818401
11821694
11831201
11836801
11837333
11840791
11841297
11843084
11844697
11849985
11853755
11854815
11863967
11864151
11865077
11865501
11866542
11868502
11869854
11871270
11873288
11873612
11880060
11883946
11886938
11892870
11892983
11895532
11896517
11896899
11899099
11899971
11900511
11901305
11903091
11904398
11905822
11906279
11910229
11912145
11912810
11915618
11924203
11925673
11927343
11927464
11932359
11933048
11934096
11936426
11942480
11947354
11948234
11949549
11951374
11951640
11952331
11954194
11954518
11954626
11960411
11966268
11967795
11969658
11969740
11970732
11971544
11973329
11973448
11978347
11979036
11982741
11987146
11989222
11993051
11994265
11995521
11997831
12002051
12003559
12004514
12004688
12006504
12007825
12011987
12013772
12014896
12016551
12017230
12019761
12020063
12025432
12028842
12029483
12032396
12033475
12036084
12036857
12036937
12042459
12043845
12045629
12048358
12053578
12054850
12055736
12056522
12057818
12058732
12059314
12060685
12062467
12065273
12067351
