P:\CS423\lab1\chr05_tata_subs_tataga.txt
TATAGA
5552
6836
7354
9665
10395
10786
12189
12978
13770
25143
27578
29632
35895
37435
38117
38876
39031
45073
45720
45758
46897
49128
51269
52781
57353
58530
62626
63746
63823
64268
66960
74899
80275
80539
83240
96152
105647
106187
106213
107762
109688
110592
112997
115494
123791
124142
128133
132239
134263
136236
136557
137789
139386
142278
144203
147220
147254
147610
152942
168800
169211
170244
170453
171271
172037
173761
180404
183332
183340
186987
189608
199326
199746
200609
208346
208732
212482
214365
214906
220483
220526
224055
229520
229584
229637
239489
241597
245232
256766
260037
264732
265664
265866
268950
271436
273434
275859
288664
289842
291424
292237
294466
299894
309988
314691
325614
327685
331753
337889
338027
340976
345571
346597
350947
353067
355861
361930
370480
381607
383705
384459
390119
391989
393588
394291
395637
396314
397519
398838
402521
406369
414962
415249
423410
424182
424904
428440
430063
430527
431644
434921
437048
439074
446552
447550
448283
450230
451452
455866
456088
457036
457224
457885
458262
460495
466192
469905
472956
473941
478808
483379
485939
485971
488211
489353
489717
489988
495573
496237
496494
502914
506419
518967
519317
525384
529746
537726
538094
538507
539560
541239
542066
542097
543670
544708
548614
549808
549982
550351
556187
571169
572397
583888
590858
597099
614855
615669
621923
637181
639414
645053
645251
646757
646954
647187
647239
648734
649349
653412
653944
654161
655175
657741
661586
663253
664961
665620
669317
670823
671679
672912
680883
680889
684759
698397
699695
704466
704929
707393
710743
710957
714690
716929
719484
723461
726035
728989
732380
733259
737461
738763
739060
741746
742855
747850
749452
750592
753581
754328
754769
755648
755798
756536
760943
765269
768976
769977
772982
778830
779004
786450
787655
788686
790807
791925
792927
793031
795496
796929
801168
804022
809243
813614
813625
814865
815362
816807
819008
820095
825238
826590
828035
828086
831165
832414
833757
836392
837500
837703
839093
842335
844360
845894
846479
848051
852917
858100
859299
872806
873306
876361
881583
883069
892995
901719
901971
906461
907918
908254
909610
910815
916659
919035
919307
920461
920513
920647
922827
924642
926516
926953
927586
927646
933072
933979
938268
941693
944966
945610
948334
952248
953804
956761
957800
960473
960616
970948
974376
975902
976025
990715
990850
991400
992440
999031
1000513
1003550
1008078
1009477
1009648
1011456
1024504
1025719
1030909
1042478
1042762
1042815
1043009
1045187
1047898
1048279
1051237
1052608
1052614
1052630
1052688
1057190
1057908
1061901
1065778
1066020
1067344
1081145
1097724
1103265
1104321
1104850
1108014
1108179
1108336
1111197
1121282
1124358
1126295
1127643
1127869
1127879
1128385
1133080
1134012
1134528
1140892
1141339
1141747
1147938
1147951
1147959
1155809
1158274
1160700
1161741
1162604
1164475
1168945
1170149
1171419
1171468
1176339
1179516
1182494
1185098
1189811
1190475
1194896
1195108
1201634
1205337
1208299
1209722
1210757
1211604
1212799
1214546
1219944
1219997
1222032
1222614
1223416
1223930
1224364
1227787
1229191
1232006
1234455
1241480
1244346
1254884
1261663
1263036
1264799
1268594
1268657
1272526
1273578
1274118
1277463
1277580
1280396
1284068
1288922
1292419
1297730
1299129
1299933
1310302
1310616
1320378
1323933
1326480
1330127
1330767
1331315
1334133
1335136
1335473
1335844
1337875
1338579
1338587
1338740
1339268
1347832
1348927
1359347
1359400
1359581
1365528
1365842
1366991
1372066
1381225
1381555
1381968
1387599
1391096
1393232
1396635
1397385
1399844
1407890
1408042
1425778
1428901
1428913
1430236
1447164
1459512
1461899
1463145
1470573
1471496
1474336
1476980
1477084
1479977
1483050
1483637
1485636
1486711
1488074
1490573
1499612
1502738
1502834
1503950
1505444
1511684
1516258
1519380
1526937
1527588
1532840
1534108
1535241
1537217
1541764
1545467
1552201
1552616
1553307
1553851
1557914
1559990
1560767
1561003
1564002
1564011
1566580
1571310
1572515
1573590
1574146
1575764
1577087
1579639
1583753
1584356
1585746
1594488
1595189
1596106
1596569
1597710
1598928
1605574
1606811
1612704
1617691
1619114
1627487
1628288
1629579
1631235
1633326
1646711
1649349
1657772
1663208
1666604
1669738
1674667
1675324
1678883
1680497
1680750
1689512
1694568
1695833
1703121
1705814
1708723
1710508
1714036
1714376
1715228
1715641
1718626
1724182
1730563
1731490
1732268
1733729
1735268
1737517
1744435
1747597
1752141
1752725
1761661
1762412
1767488
1768927
1769932
1770905
1773204
1773927
1774594
1775038
1776196
1777006
1778653
1783042
1783900
1784291
1792093
1792311
1792802
1795047
1798381
1799962
1800135
1802719
1805542
1805569
1806435
1808669
1809929
1810897
1813032
1814016
1814792
1823594
1828392
1830492
1831516
1832950
1834626
1844985
1845355
1845727
1848004
1857584
1865742
1866067
1870887
1879993
1880679
1887671
1891556
1895441
1911435
1912063
1915258
1915436
1915493
1916501
1919302
1920755
1920985
1921943
1926000
1930596
1931012
1932501
1934788
1935079
1941735
1942423
1944902
1946438
1946893
1947981
1948040
1951212
1952101
1954862
1955973
1958279
1959997
1965235
1965442
1966022
1966621
1972608
1977402
1981536
1985760
1989788
1995402
1995629
1996169
1999249
2018926
2020864
2021053
2021097
2027343
2028721
2029193
2033411
2037263
2038686
2039364
2041250
2041966
2047236
2048129
2052741
2053073
2054002
2056269
2057148
2057457
2057977
2061431
2064363
2068933
2071310
2072564
2075645
2076850
2089450
2090794
2093476
2096129
2096957
2101212
2101880
2107867
2110974
2112279
2120060
2120224
2121374
2129455
2130685
2135297
2136301
2136362
2139796
2148785
2163100
2163108
2170489
2173688
2173997
2180493
2180784
2180834
2182531
2186136
2188455
2190170
2190418
2191791
2199349
2203443
2205457
2207930
2209980
2218750
2222219
2230523
2232008
2236703
2237635
2246937
2250225
2254763
2256246
2259369
2263653
2263679
2271827
2273119
2273777
2286171
2291458
2302029
2302230
2308449
2312290
2314095
2316267
2319499
2320694
2325493
2327642
2333389
2339250
2341357
2341367
2346052
2346984
2346994
2357740
2358459
2359625
2360989
2365845
2368728
2373168
2373783
2377752
2379737
2381741
2388286
2389855
2390258
2392579
2395546
2395930
2397200
2399892
2400129
2402628
2402787
2403803
2410565
2415581
2419608
2425779
2425812
2439159
2440787
2446070
2449103
2455976
2460610
2461564
2462136
2464346
2464966
2468261
2468906
2473470
2478108
2480330
2480689
2487030
2490684
2490938
2491116
2491498
2496263
2502149
2504633
2505980
2507961
2511230
2511238
2511752
2511868
2514615
2519303
2520007
2523356
2526227
2530069
2533098
2534744
2535516
2535685
2541033
2545859
2551246
2555680
2559286
2559457
2566886
2571316
2571538
2572470
2579753
2582357
2586595
2589235
2593163
2599451
2599928
2600148
2602580
2609111
2611519
2613801
2614908
2615314
2618582
2619600
2620088
2620713
2624642
2629230
2629465
2629869
2640621
2643406
2644043
2646452
2646786
2649636
2653627
2659864
2660401
2664690
2679418
2684020
2684342
2684371
2685440
2687186
2687914
2691326
2698147
2698281
2704750
2706497
2706653
2707204
2707445
2709877
2712826
2717302
2720986
2727163
2728690
2728989
2730643
2731147
2734889
2735263
2735308
2738971
2741395
2747021
2749020
2749146
2751322
2751858
2756877
2759596
2764239
2765206
2767415
2768495
2770286
2772279
2772758
2778385
2781807
2783539
2799448
2805819
2807818
2810100
2810174
2811039
2811243
2812261
2815324
2816437
2827075
2828300
2832131
2834914
2841381
2849321
2852676
2854354
2855869
2855903
2855992
2856045
2856754
2858435
2863156
2864972
2865491
2868972
2870835
2873783
2875862
2877318
2877994
2878889
2879086
2881081
2883958
2884793
2884846
2887429
2892000
2900035
2905833
2907310
2908463
2909816
2909961
2911138
2913863
2916073
2916118
2916388
2916861
2918801
2919153
2920400
2928699
2928951
2934300
2944435
2950897
2953048
2953060
2953990
2954250
2956738
2969189
2971453
2972824
2983875
2985880
2990332
2992177
2993584
2995750
3003612
3006850
3008734
3010072
3016794
3024239
3026959
3037783
3043179
3045719
3046491
3049543
3049619
3051477
3059041
3063087
3063739
3070194
3074234
3081643
3083772
3083800
3091809
3097649
3100240
3103141
3107115
3109101
3111249
3111755
3116546
3117685
3117837
3124540
3125155
3125390
3126789
3131960
3136322
3143009
3143907
3146253
3147050
3152515
3156110
3164039
3171791
3178519
3183738
3184873
3191170
3194449
3195202
3197560
3199556
3202470
3213812
3218447
3221967
3224351
3224994
3233493
3234244
3234796
3236824
3244864
3249414
3252294
3256173
3257340
3261688
3263235
3264885
3265134
3265232
3268659
3272554
3281796
3282371
3285052
3288604
3290397
3292845
3294457
3297313
3300093
3303909
3307506
3309146
3320661
3322138
3322393
3330113
3332652
3341403
3343208
3343607
3343899
3344984
3345597
3346090
3357799
3364190
3370341
3375513
3376548
3376555
3376628
3379937
3380628
3382673
3383364
3383396
3384161
3385491
3391034
3394932
3398103
3400092
3400558
3407579
3408651
3408998
3411441
3414040
3415193
3417797
3419007
3420751
3421317
3428795
3430387
3437036
3437059
3440554
3442142
3442667
3448851
3450695
3454360
3455837
3456100
3456903
3458509
3461695
3464174
3476813
3477075
3477820
3484244
3484732
3490097
3494106
3494514
3498716
3498917
3499320
3499740
3501623
3505809
3506917
3509370
3511364
3511478
3511722
3514470
3517724
3526788
3529722
3531159
3533105
3533213
3535453
3535636
3537569
3550005
3552478
3555753
3556654
3559858
3561190
3561220
3561250
3561340
3562000
3564281
3564820
3566280
3569316
3572430
3575963
3579420
3583832
3584754
3588254
3588410
3589195
3593096
3606885
3611580
3612512
3617603
3618592
3621300
3621911
3629088
3629947
3633157
3633472
3635623
3635985
3637287
3638249
3642066
3645260
3651079
3655381
3655986
3657040
3658918
3660251
3661633
3661807
3663965
3664895
3667856
3669807
3670284
3673658
3674348
3675072
3675116
3676752
3678666
3679772
3681849
3688681
3701459
3702606
3709368
3711631
3712125
3713384
3718850
3722561
3731769
3731928
3732853
3733395
3736266
3736364
3738690
3739948
3741097
3742064
3745195
3749864
3750687
3750713
3759872
3761071
3764491
3765312
3765954
3766251
3779168
3780244
3780427
3785574
3785790
3786289
3791076
3791390
3798393
3798918
3800403
3800541
3802631
3803209
3805950
3809359
3810667
3813049
3815443
3816892
3817550
3817591
3818686
3823612
3823993
3826909
3827470
3829400
3832279
3835589
3837617
3863756
3865748
3871939
3876808
3880861
3880892
3882354
3886417
3886542
3888459
3889090
3896570
3896788
3898077
3898823
3899121
3905818
3906755
3907848
3917419
3920820
3921661
3925105
3925865
3931016
3931603
3938133
3939700
3941297
3943093
3945322
3949038
3949055
3949314
3950250
3954801
3959911
3969594
3978115
3978656
3979648
3979952
3980087
3984480
3994918
3996335
3999611
4000254
4003767
4003945
4008079
4011180
4013665
4015228
4020405
4024521
4025356
4026569
4028685
4031304
4031473
4032347
4033547
4034319
4043076
4046357
4054413
4063206
4063875
4067759
4067858
4068106
4075927
4083511
4084153
4084659
4085573
4088196
4089133
4090893
4095947
4096345
4096522
4097544
4098100
4101908
4102212
4105170
4109014
4109167
4109599
4112750
4113026
4116770
4120084
4124605
4125109
4128492
4130904
4139295
4141103
4144804
4151420
4152149
4153161
4153884
4155902
4158851
4159058
4161082
4161574
4164011
4166163
4166177
4166923
4170241
4179434
4200544
4209813
4213804
4217868
4218216
4221816
4222875
4224208
4234923
4239548
4241359
4244452
4246972
4254375
4263251
4266307
4271690
4271877
4272669
4273713
4273967
4274356
4274911
4279323
4279545
4280499
4281062
4285902
4296450
4299239
4301239
4307470
4317599
4317891
4318004
4318134
4321718
4325582
4326454
4327548
4328309
4329896
4335014
4335505
4335668
4340684
4341489
4341903
4344208
4356921
4365878
4370081
4371912
4372245
4377134
4377164
4388150
4399296
4400825
4405430
4408187
4410788
4421179
4421186
4421751
4429611
4430634
4430855
4432087
4433489
4436295
4438968
4442003
4444048
4445070
4448240
4452543
4452832
4453432
4461343
4472025
4473031
4480677
4481655
4482625
4484244
4486584
4488877
4494998
4497274
4500188
4501639
4502291
4505887
4506804
4511388
4517594
4517911
4518195
4522935
4528619
4530598
4533616
4535536
4535881
4536185
4539624
4540221
4545265
4550577
4555272
4556204
4557407
4558575
4566846
4567548
4568693
4569500
4570932
4571099
4572245
4577099
4579582
4589592
4597673
4600567
4601437
4601550
4604537
4608157
4613271
4615093
4615279
4618112
4626618
4631671
4636691
4637240
4638833
4644122
4644775
4645843
4647729
4649234
4654682
4657440
4658464
4661676
4661984
4663534
4669783
4670832
4679027
4680047
4685907
4686271
4686568
4688129
4689871
4696072
4702063
4704299
4707017
4710823
4713664
4713723
4714611
4714859
4724657
4729625
4737777
4744868
4747627
4752051
4755486
4755864
4761643
4763409
4767181
4771167
4771221
4773729
4774944
4775200
4792212
4795351
4795429
4800719
4806774
4808575
4812453
4813149
4822474
4822563
4822758
4822811
4825268
4837597
4840183
4840941
4842420
4843375
4846251
4846854
4847227
4847793
4849359
4855978
4857787
4860320
4861982
4869929
4873402
4875228
4879954
4880815
4883013
4886618
4887455
4890647
4891919
4893183
4895853
4899892
4902971
4904978
4907684
4907759
4916149
4916462
4926823
4930924
4932635
4933239
4937611
4948764
4953854
4963758
4968402
4973452
4973785
4975965
4977185
4978613
4978641
4983079
4990147
4992866
4993312
4994663
4998531
4999260
5000619
5000697
5003584
5005325
5006744
5008348
5011821
5014650
5018140
5025365
5028749
5031560
5035802
5037173
5046752
5057349
5063257
5083609
5087005
5091164
5091678
5099297
5099585
5101690
5103529
5104426
5104879
5105639
5122551
5126450
5127167
5129753
5130412
5135127
5141570
5141972
5144442
5146439
5153201
5156431
5162822
5172050
5172773
5175940
5179413
5183686
5185520
5186074
5194755
5195104
5195560
5197646
5198294
5202236
5202291
5214399
5223370
5228642
5229390
5237542
5247180
5247454
5248609
5249226
5254667
5257158
5259683
5265661
5265723
5267814
5268117
5269873
5271505
5273725
5278118
5280625
5284881
5284929
5285430
5286716
5288340
5290534
5292330
5292359
5294882
5308149
5309034
5314080
5320775
5322703
5323405
5323760
5332699
5336021
5337452
5337898
5342536
5346075
5350546
5358843
5359221
5362976
5364859
5365400
5370977
5371020
5380584
5386169
5386222
5386417
5392829
5399657
5408767
5409919
5414502
5416579
5421463
5424514
5427979
5439351
5439389
5443988
5445717
5448721
5450484
5450716
5462892
5463549
5463599
5465169
5466097
5466628
5468447
5492550
5494843
5495221
5495744
5500330
5504572
5510434
5510825
5515076
5515636
5519479
5523654
5525026
5528911
5531896
5533043
5534345
5534554
5535848
5542130
5543693
5544716
5546727
5548807
5549796
5550289
5553182
5555638
5558843
5564004
5567465
5568167
5573197
5576251
5576806
5577080
5577874
5583408
5585046
5592676
5592995
5593428
5595000
5595419
5599925
5606320
5613139
5617250
5617687
5628762
5630181
5638533
5638931
5641981
5642541
5652727
5653479
5654674
5657360
5657512
5659875
5663568
5664428
5670730
5672403
5673304
5673685
5674151
5678039
5679878
5687346
5694692
5695952
5696600
5696946
5700539
5702319
5707810
5712686
5713236
5714473
5720594
5721239
5721289
5723450
5727308
5732117
5737891
5742339
5745219
5747046
5749860
5749908
5755818
5757967
5759635
5762927
5767501
5767557
5773435
5775272
5789854
5790256
5792072
5792968
5793337
5795257
5795364
5796930
5798746
5800349
5801091
5803206
5807167
5812903
5817639
5817831
5818698
5819958
5828802
5829099
5831486
5831772
5831825
5832697
5839525
5848635
5849787
5853718
5855238
5855794
5859791
5861347
5861453
5863474
5866063
5870736
5871258
5871387
5879600
5880828
5880854
5883006
5886718
5888782
5892068
5893783
5897233
5898601
5900318
5903363
5903421
5906443
5906609
5907939
5915465
5918205
5923086
5924249
5924381
5927492
5928524
5933596
5941665
5941992
5942332
5950442
5951264
5956090
5958700
5962261
5963916
5967799
5969604
5969969
5970112
5971190
5973880
5974523
5976838
5979186
5980460
5981310
5983281
5985262
5985486
5988784
5989995
5990505
5994642
5999260
6003274
6012478
6012691
6013095
6017085
6017298
6019161
6022665
6023943
6024756
6025420
6028607
6030607
6030922
6036598
6041587
6047910
6048642
6050322
6050997
6054465
6058621
6059261
6059286
6059727
6061905
6063979
6065299
6065327
6067035
6070355
6075270
6076260
6082149
6084065
6084989
6088493
6089143
6090071
6091879
6094820
6095009
6102184
6105147
6108627
6109829
6109986
6111795
6116420
6120671
6126428
6134145
6144130
6148704
6149032
6149422
6151737
6152151
6155686
6157082
6157244
6157495
6166459
6168980
6173415
6174537
6174830
6175328
6175587
6177029
6178339
6178893
6184388
6197977
6201908
6203771
6208859
6213084
6215894
6215915
6220646
6227931
6228611
6229260
6232068
6235580
6238629
6241578
6241700
6242353
6248569
6249537
6249668
6256488
6258601
6258943
6259765
6263743
6263814
6264151
6265769
6266566
6271279
6271831
6275294
6282699
6284321
6289259
6290907
6295066
6296372
6297461
6301800
6302339
6302511
6304999
6309633
6310565
6314995
6315217
6316171
6316536
6317042
6322053
6323924
6324405
6324500
6325340
6333437
6336410
6337889
6340017
6342442
6344868
6346311
6348461
6350770
6351741
6356113
6357215
6358621
6365802
6370617
6370979
6371412
6373287
6377152
6387966
6390951
6391195
6401056
6404582
6404615
6404624
6405572
6406285
6407638
6412716
6414075
6414086
6418650
6420561
6421314
6421464
6422010
6422358
6422781
6422965
6426653
6429231
6430305
6431455
6432880
6436040
6438653
6440156
6442386
6442623
6444401
6445302
6446783
6449294
6450105
6452626
6458134
6460054
6460348
6463809
6465306
6465324
6465387
6465573
6466921
6467195
6468068
6471448
6475697
6477851
6483076
6486184
6488479
6488882
6491205
6491275
6493502
6502691
6505981
6515349
6520591
6521335
6523654
6533011
6533594
6542233
6544502
6552915
6557744
6558307
6558359
6566862
6566870
6567550
6568237
6568517
6569482
6569650
6572529
6573192
6573373
6577126
6577410
6577463
6581340
6581971
6584125
6590695
6592666
6593808
6594135
6596568
6605103
6612882
6616336
6618915
6621325
6622502
6627057
6627523
6628097
6630768
6630826
6632729
6640175
6641832
6641961
6645746
6646192
6647604
6648472
6652143
6658138
6678683
6686921
6691081
6703770
6703833
6708602
6710875
6711209
6712030
6715929
6722208
6723439
6723673
6723925
6726463
6727203
6730463
6731922
6732635
6734563
6736754
6749680
6752795
6755232
6760232
6768885
6770116
6770669
6780324
6782714
6783336
6786021
6787984
6788874
6789531
6790486
6792096
6795868
6797546
6803478
6810482
6810580
6813544
6813628
6814461
6815946
6816688
6817597
6820792
6822935
6831204
6831598
6833204
6833425
6834569
6835808
6838308
6838438
6839374
6840241
6842590
6844381
6844448
6847384
6852257
6856762
6858225
6858657
6862678
6868561
6868826
6871258
6873861
6876262
6876792
6879691
6879819
6880996
6883473
6883883
6887289
6887329
6887407
6889861
6891795
6892103
6892466
6895064
6896960
6900850
6901470
6903136
6908578
6910302
6911992
6913067
6928173
6933448
6935320
6937952
6939754
6946157
6949330
6957614
6963489
6965229
6966706
6967828
6971638
6972262
6973446
6975790
6980624
6983255
6985168
6985821
6988756
6989279
6994276
6996791
7001154
7004070
7004734
7005434
7007186
7007793
7007940
7008794
7012664
7017208
7017228
7018220
7018312
7021219
7023850
7024480
7031606
7031892
7038363
7039591
7044383
7046642
7054329
7056240
7061741
7065485
7066320
7069203
7072235
7073512
7076475
7078214
7079455
7085168
7088352
7093388
7094564
7108647
7109417
7109735
7114188
7114707
7115766
7120929
7122293
7126294
7134483
7135188
7135966
7137507
7142407
7153307
7155786
7157057
7157969
7162409
7167369
7168105
7169173
7171684
7172121
7174365
7176769
7179873
7180030
7195578
7196818
7200043
7204291
7204478
7206146
7208613
7209436
7216910
7222084
7222228
7227833
7228211
7228484
7231106
7231469
7233789
7234380
7235929
7236317
7237594
7238483
7238860
7243801
7243854
7244831
7250468
7259440
7262918
7263894
7265487
7266392
7269876
7271860
7276418
7284042
7284276
7285141
7286422
7287756
7289985
7294717
7295551
7296507
7297214
7300233
7300359
7301990
7304930
7305641
7306010
7313499
7314141
7317188
7329182
7331201
7332271
7334113
7334305
7339724
7339773
7350094
7351243
7353573
7362689
7362803
7365667
7367835
7369331
7369958
7370000
7370666
7370694
7378413
7381952
7382193
7383313
7384382
7387498
7387913
7388249
7393565
7394156
7394372
7394913
7402141
7404506
7412994
7416172
7426007
7431533
7437790
7437943
7439262
7439860
7441381
7445534
7446418
7447695
7447765
7454000
7457095
7458076
7459249
7460693
7467848
7469163
7469340
7469951
7474690
7474723
7476200
7476386
7481602
7483811
7485165
7486885
7494316
7501080
7503104
7503536
7507341
7507373
7508122
7509706
7510150
7510863
7519323
7526922
7527132
7530248
7531723
7532080
7533257
7533871
7534914
7535658
7537175
7538314
7541729
7541862
7541995
7550026
7552023
7563495
7564500
7568048
7580561
7583457
7585159
7586671
7587442
7588431
7591023
7593191
7596448
7606941
7609676
7610410
7610963
7614105
7617555
7619468
7620697
7625693
7630742
7630756
7635850
7638403
7643154
7643422
7643698
7644107
7644776
7644884
7651381
7652889
7652931
7653924
7657004
7657720
7659490
7660114
7661460
7668153
7677164
7679084
7679187
7681314
7689475
7691113
7692789
7695389
7696240
7702822
7705377
7711959
7713782
7715985
7717434
7719636
7727014
7729217
7730666
7732869
7738742
7740785
7741289
7745380
7747445
7748219
7753083
7755552
7756507
7761065
7767185
7767403
7768975
7783196
7783544
7788713
7790286
7797901
7803105
7803832
7808059
7809322
7811890
7815103
7821248
7828586
7834300
7834502
7837337
7837867
7842519
7843451
7845692
7847442
7848709
7854305
7859268
7859869
7863175
7864378
7867657
7869458
7869556
7872736
7873734
7874029
7877036
7884554
7886814
7888285
7889729
7893764
7895546
7899978
7900200
7901132
7901295
7903084
7905944
7911318
7912755
7914330
7915154
7919595
7923372
7924277
7928940
7930761
7931223
7939553
7947564
7950654
7951901
7952832
7953022
7956529
7957577
7960977
7961197
7963082
7968541
7969374
7970400
7971870
7973389
7975010
7978820
7989437
7990103
7993481
7995682
8000198
8009130
8021682
8025412
8029578
8033319
8033604
8033874
8036008
8040127
8042584
8048063
8069464
8074178
8074553
8075862
8077980
8078043
8079400
8080237
8080321
8080514
8080791
8082882
8087738
8088646
8088663
8091370
8091655
8091782
8098567
8099016
8099128
8102007
8104909
8105188
8106249
8106328
8111327
8113019
8115010
8117529
8118879
8124066
8124156
8126384
8129331
8129851
8133297
8133344
8148041
8150015
8150723
8154772
8155934
8163771
8171543
8171834
8176142
8177691
8180301
8185910
8190605
8191537
8192084
8193586
8193709
8197804
8204227
8204354
8204794
8205748
8207334
8209438
8209493
8210146
8210358
8212185
8212438
8218315
8218816
8218832
8230320
8231353
8231595
8232669
8233222
8235335
8237723
8241144
8242725
8243215
8246261
8249325
8250794
8251689
8253515
8253524
8262512
8264832
8265856
8273230
8276761
8282910
8284247
8288820
8298263
8299760
8304375
8305470
8308160
8308453
8308992
8309045
8309236
8311575
8318159
8322984
8331452
8337515
8337726
8341586
8341659
8342008
8344346
8346651
8357372
8357579
8362396
8362585
8370310
8374319
8374768
8376520
8380284
8387274
8389824
8390789
8394689
8403475
8407322
8409449
8409639
8415258
8416989
8418470
8420182
8420541
8420609
8424814
8425191
8425755
8428316
8431234
8431725
8432616
8432988
8434355
8434793
8441974
8444091
8444282
8445906
8457981
8460663
8467656
8468067
8468364
8468547
8473281
8473702
8475138
8476651
8477692
8478438
8482939
8482981
8483981
8484907
8487445
8490359
8491643
8494557
8497357
8501963
8503687
8504341
8504680
8505766
8507081
8511715
8512663
8513901
8518524
8519248
8523882
8524835
8533653
8534541
8539055
8547931
8556249
8556957
8561838
8561953
8564652
8568024
8569238
8576932
8578707
8579755
8579968
8580412
8586001
8587759
8588057
8589505
8589844
8590114
8593377
8593948
8594434
8597007
8597037
8597611
8603113
8605637
8608192
8609018
8614532
8617600
8620638
8621917
8625493
8626556
8627264
8630781
8631352
8631909
8633971
8643951
8644296
8644456
8648674
8648921
8649740
8657365
8659376
8659943
8661655
8661769
8662090
8664468
8671965
8678262
8678322
8680785
8681951
8688004
8690067
8690540
8696483
8719677
8720481
8723414
8724309
8733340
8736860
8737077
8737904
8742919
8743432
8746532
8747237
8749050
8753304
8755817
8766791
8768142
8770990
8772120
8776708
8778275
8778300
8778871
8785640
8785824
8788238
8788707
8788959
8789574
8794014
8797574
8803231
8809285
8810215
8811221
8818729
8819013
8822071
8823990
8827954
8828155
8828670
8842881
8844522
8848425
8850216
8850465
8850973
8851382
8854773
8858588
8860518
8864231
8865458
8867651
8868138
8869442
8872334
8882589
8884643
8885917
8888280
8890063
8894069
8895187
8895745
8898062
8899228
8901445
8902680
8909734
8912510
8916411
8918481
8927551
8928237
8928299
8933167
8935105
8935782
8936193
8937624
8937756
8942032
8942038
8944921
8945433
8947905
8952089
8952566
8954279
8959929
8960486
8970449
8972698
8974646
8976671
8978281
8978641
8980999
8981120
8987321
8987906
8987985
8989885
8990845
8994515
8998342
9001271
9006258
9006578
9007155
9011336
9013846
9019220
9022050
9022644
9031043
9035570
9035675
9038199
9045299
9052483
9053959
9055414
9058397
9058790
9067948
9073979
9075777
9076965
9082703
9086203
9091442
9094646
9095098
9095246
9095532
9101693
9102233
9126753
9130841
9137621
9144580
9145554
9148604
9156009
9160344
9160484
9161632
9171164
9171197
9172421
9179569
9180307
9187503
9192709
9195594
9200217
9201550
9201612
9204125
9204824
9211615
9213178
9216916
9221682
9224262
9228565
9234017
9235493
9241729
9242246
9243793
9246075
9246425
9246478
9247323
9257070
9257332
9258074
9263072
9268053
9275327
9281470
9282306
9289391
9291719
9296356
9298327
9308758
9315586
9315596
9315696
9322656
9330990
9331381
9333751
9334267
9334390
9336586
9343211
9344820
9345986
9350484
9352486
9354765
9359470
9359614
9366017
9368172
9370659
9371349
9371685
9371979
9374270
9384732
9389925
9390690
9392886
9393267
9395551
9396109
9396217
9398783
9400639
9407863
9414244
9414345
9414356
9419668
9423769
9426040
9428429
9432936
9433713
9438537
9438900
9439482
9441549
9443460
9444363
9445227
9452056
9454714
9455230
9457016
9462963
9464441
9468982
9474080
9475352
9478092
9483013
9486847
9491467
9493202
9496090
9498846
9498875
9501518
9503697
9504056
9504515
9508620
9509172
9510834
9519875
9522442
9522755
9531323
9531441
9533205
9533866
9535940
9538077
9540143
9541891
9545305
9546113
9548484
9552953
9555762
9561126
9562230
9566380
9576397
9577970
9580085
9580177
9588216
9588956
9596438
9603831
9606405
9618795
9618862
9619578
9619823
9625569
9625688
9630023
9630524
9632221
9632842
9635125
9635509
9635839
9636331
9639488
9640605
9641968
9642547
9643162
9644056
9644891
9650653
9658046
9659251
9660405
9665669
9671985
9678108
9678913
9679519
9680302
9684909
9685974
9686177
9686692
9687435
9687531
9695245
9695509
9696650
9698205
9698835
9699237
9701170
9705122
9709956
9711704
9714357
9715522
9719614
9720553
9720631
9723996
9724210
9727491
9731673
9733623
9735878
9752218
9752678
9755436
9757603
9766488
9771122
9772054
9793768
9796483
9796533
9797705
9798284
9799349
9801016
9802501
9803525
9803843
9804996
9806320
9815419
9815589
9819940
9820985
9821944
9826394
9826796
9833497
9838469
9843966
9859550
9864508
9864534
9867118
9868205
9870583
9871368
9873631
9874040
9882883
9883867
9886176
9889725
9891404
9894114
9895789
9902547
9905196
9905737
9907409
9908902
9912169
9914518
9919222
9919683
9923200
9923209
9923218
9923661
9926202
9934277
9939574
9939591
9942660
9948479
9956139
9957514
9959223
9959678
9965122
9966624
9968050
9977718
9979727
9982584
9985676
9990695
9991329
9992032
9993459
9998034
10001784
10006989
10008216
10010132
10017124
10018710
10022903
10026285
10029535
10029767
10030264
10030595
10030648
10036299
10038081
10038389
10040737
10044409
10045315
10045413
10048751
10049900
10052361
10053784
10054602
10059198
10060952
10065951
10067239
10067806
10068044
10068432
10070496
10071197
10076456
10082286
10082514
10082573
10086041
10087192
10087646
10090740
10091521
10096320
10096636
10096735
10105658
10106731
10110054
10110129
10114869
10116832
10118412
10121782
10123480
10125642
10127146
10128103
10128222
10128518
10129345
10132837
10135013
10137880
10138756
10141590
10144071
10144481
10149382
10154016
10154970
10155322
10157665
10158642
10167869
10178502
10181788
10199914
10206602
10216660
10216739
10220902
10224744
10229576
10232916
10234412
10237211
10238830
10240594
10245037
10253212
10255532
10255782
10258382
10258523
10260920
10262077
10262386
10262940
10263936
10265256
10268935
10273102
10279159
10280371
10282562
10282644
10283390
10286130
10287746
10292475
10292591
10294705
10295355
10318492
10319624
10325716
10326052
10327223
10327934
10329258
10331709
10331735
10342479
10345360
10349268
10352963
10357260
10362284
10363781
10363805
10368557
10368789
10380293
10380491
10382149
10385736
10388707
10393195
10393980
10395736
10396484
10399553
10399777
10400225
10401049
10401948
10410658
10412423
10413363
10413585
10417340
10422130
10424390
10426079
10426746
10431773
10431986
10437712
10447402
10464741
10468965
10470076
10471113
10473271
10474203
10487894
10489718
10494033
10496218
10497011
10499756
10501615
10504551
10505493
10506093
10506573
10506889
10508365
10520188
10525951
10526378
10526536
10526787
10528586
10528901
10530268
10532329
10536307
10537803
10545116
10545450
10549486
10558567
10558991
10559312
10560608
10560689
10561057
10561670
10562215
10565452
10566914
10568875
10576454
10579030
10590331
10591322
10591397
10593521
10595120
10595485
10598606
10601096
10601113
10613296
10615765
10616763
10617419
10618426
10619127
10619394
10621909
10623223
10626142
10626186
10626495
10632077
10636199
10642918
10643425
10645531
10645751
10646038
10649532
10656899
10657304
10659626
10661161
10662122
10665331
10668354
10670133
10682029
10685624
10687677
10687707
10689153
10689611
10695818
10696472
10699029
10701818
10706909
10709339
10709640
10714118
10720645
10725101
10726056
10726727
10728609
10729564
10734998
10744610
10755127
10765526
10767727
10770079
10772227
10774859
10778924
10787797
10790734
10794320
10794908
10798626
10801441
10803190
10805751
10808415
10809756
10814152
10815629
10819987
10820284
10820352
10820741
10825044
10825106
10833112
10840754
10848489
10849520
10852244
10853942
10854838
10861981
10862123
10862175
10865245
10869983
10870529
10876340
10881294
10882233
10883533
10885567
10894709
10896773
10902220
10902359
10903327
10904651
10908546
10910527
10915471
10917287
10917614
10917813
10919431
10923282
10925294
10928217
10929474
10935757
10937601
10940725
10943108
10944331
10945347
10945354
10946436
10948722
10948853
10949760
10950440
10954615
10958676
10967588
10974322
10976864
10981204
10982629
10987671
10988329
10989648
11001200
11001941
11006636
11007568
11008744
11013121
11020358
11022228
11024294
11024784
11025906
11032308
11034230
11034748
11042593
11046105
11050927
11052755
11052870
11053157
11053469
11055443
11058522
11060202
11062505
11062808
11076236
11077450
11080085
11082515
11082532
11083965
11084405
11086040
11088579
11090356
11093497
11095887
11096551
11097360
11098364
11098886
11100495
11105257
11106213
11111187
11112743
11115035
11115570
11115623
11118061
11122854
11130386
11131310
11131475
11135498
11139470
11142235
11142959
11143203
11143327
11151954
11152507
11156637
11158007
11163719
11168213
11168924
11175232
11175730
11176908
11179419
11184053
11185006
11185335
11185629
11187074
11189464
11191717
11191834
11193193
11196064
11196654
11201523
11202315
11205337
11209719
11209971
11213107
11213396
11215092
11215361
11217272
11218420
11220503
11222426
11224580
11226894
11227586
11228611
11229692
11240150
11240897
11242276
11242356
11244291
11249231
11249780
11252605
11258263
11262882
11267305
11268265
11269246
11273787
11275285
11278707
11280474
11280575
11280720
11282358
11285334
11285473
11287007
11288561
11290448
11292688
11293258
11302272
11303395
11313485
11318257
11324880
11326163
11328738
11333402
11334522
11334802
11342899
11346409
11349180
11351058
11351661
11355224
11356381
11361089
11365771
11369027
11383761
11384131
11387870
11388281
11388873
11397756
11400443
11400624
11403969
11404114
11405042
11408403
11408844
11409088
11409760
11418972
11419483
11422248
11424790
11425344
11427379
11428257
11433416
11433853
11437083
11439661
11440323
11443415
11444559
11446682
11453361
11456185
11457373
11458147
11459764
11470760
11479627
11481539
11487254
11489634
11492337
11492550
11502333
11505141
11505774
11507270
11511080
11513196
11517676
11518153
11520655
11523679
11524804
11525299
11530365
11530800
11534148
11538205
11538237
11542088
11543595
11545563
11548345
11555280
11559072
11559103
11563040
11569597
11572020
11574304
11575755
11577205
11583250
11586087
11588736
11590059
11591426
11592406
11592422
11596504
11603872
11605804
11606624
11610061
11610440
11614715
11618039
11618999
11628209
11629904
11634192
11634663
11635505
11635833
11636007
11637017
11637598
11650212
11650295
11652041
11653812
11654399
11654760
11656159
11665160
11666514
11672263
11673348
11677856
11677982
11678453
11682224
11683440
11684510
11685950
11694201
11695746
11699204
11702259
11706091
11706596
11712804
11716450
11719070
11721175
11725696
11728561
11742083
11747224
11749552
11750231
11753432
11755348
11755606
11760381
11761735
11763926
11764858
11764903
11768030
11772767
11776515
11776991
11779619
11784185
11785784
11788318
11788324
11793262
11793966
11794222
11797436
11798495
11798660
11804068
11806738
11809500
11811172
11815591
11818415
11821239
11821582
11828535
11829720
11832254
11837973
11838549
11840624
11841142
11842985
11843724
11844158
11847742
11853517
11859205
11868386
11877042
11880010
11882608
11885068
11887426
11888380
11891293
11894403
11896527
11898806
11901192
11906228
11912205
11917794
11921906
11921998
11922586
11924988
11925093
11926908
11926922
11927854
11933568
11934326
11934550
11937563
11937957
11941264
11942967
11945221
11947131
11947143
11947187
11956888
11958649
11965330
11966392
11966875
11967376
11972013
11972967
11987206
11993902
11995432
11995657
12000807
12001709
12002917
12011790
12012356
12015753
12019019
12019292
12023058
12023446
12025639
12026018
12026359
12029842
12029868
12034731
12036155
12036616
12037669
12038315
12039780
12039820
12043286
12043817
12044277
12046949
12048655
12048925
12050589
12053159
12055076
12055672
12064839
12065355
12065549
