Reverse Complement
ata_reverse_subs.txt
TATAAA
913
3270
13385
13489
29691
32535
40812
40874
42869
43447
49135
54637
54650
58786
58809
59648
59906
61381
67582
68569
68812
69622
87542
90639
95138
95818
96605
96776
97079
100472
102138
114506
116833
117652
118469
128702
129235
129478
133006
141194
154308
159885
160106
160157
165328
174438
178441
184266
185396
187934
193770
196519
196688
202423
203512
205447
210522
211091
213236
216673
238742
238895
240292
248263
249246
260092
261540
261648
265442
265658
266087
266420
266462
268482
270639
273848
276059
277428
277531
288894
292502
293986
294163
294272
299968
300936
300962
311986
312887
325466
325564
327125
327669
332250
333752
334827
340707
346604
346742
352049
359184
362405
391099
394419
402678
402758
403122
403481
403503
404506
406150
409707
410146
410232
427336
440478
451051
460006
462208
464330
474258
484922
499249
519409
520734
520783
524159
538171
540553
540587
540610
545765
546466
551206
555102
560339
561246
570912
573655
573959
575056
576937
578007
578518
586754
604727
608651
612924
619293
620319
621093
622205
628286
629876
632487
635967
643704
643734
654975
661738
662590
664471
676567
681049
681512
682483
690889
697667
701999
704870
705197
705918
709875
711450
720784
721364
721601
724017
724738
725137
736726
744623
746266
749042
753897
763536
794675
795624
803715
810985
814941
816634
816706
823504
823557
823622
823717
828229
828973
829516
829727
841388
849551
849897
851787
865629
865644
871481
871773
871870
872217
875253
875686
875692
885804
886944
890509
892909
893176
894102
895662
897652
898096
904352
909253
912951
915991
916366
927128
928735
929048
929075
929207
929979
936056
936796
937059
937436
938818
940185
943162
948181
948274
948390
948592
949288
950487
952528
957244
959384
961981
978977
983767
993379
996332
997386
998299
998674
998797
999046
999531
999558
999604
1000429
1007798
1008473
1009831
1024229
1026637
1032913
1042866
1046910
1048717
1049676
1049798
1051286
1060634
1061003
1062292
1065926
1067650
1068042
1071706
1078656
1079260
1081653
1085194
1091240
1103823
1118074
1123238
1123763
1124984
1127863
1128718
1135699
1136580
1138223
1144213
1148251
1164760
1173510
1183283
1185335
1187640
1193204
1195299
1197366
1198891
1200788
1206908
1208809
1213596
1218604
1222502
1224649
1226505
1229423
1231600
1231799
1232510
1236481
1236820
1238231
1240155
1246549
1247193
1247862
1256710
1270807
1275964
1276893
1282539
1282559
1287111
1292871
1300787
1301069
1302668
1306144
1326922
1330631
1331495
1333344
1335940
1344394
1344521
1346756
1353762
1364578
1364852
1364858
1365388
1378712
1379009
1379144
1381354
1386112
1386753
1386853
1388029
1393395
1395485
1413624
1425561
1432643
1437275
1442653
1443790
1454765
1455533
1463154
1463882
1468263
1468885
1475866
1476125
1476668
1477691
1479701
1496236
1497779
1497864
1506190
1518782
1522366
1526095
1528081
1533374
1539320
1549601
1554259
1563083
1563091
1563285
1569914
1575113
1575248
1575300
1597124
1597624
1606864
1608438
1612656
1623041
1623576
1630015
1630109
1630236
1630731
1637697
1641449
1645929
1653892
1662907
1663288
1665293
1667570
1669431
1672110
1693204
1695463
1695760
1701563
1703642
1704032
1704569
1705137
1705826
1706359
1707112
1708409
1709270
1709852
1709896
1710061
1710765
1711247
1711326
1712262
1713129
1719440
1720475
1730475
1741751
1742620
1743307
1744985
1745612
1747584
1752667
1752697
1753751
1756369
1756382
1756718
1758389
1759009
1768787
1771899
1772453
1772759
1774146
1774206
1776831
1780491
1790674
1792315
1792468
1794133
1800132
1805680
1806432
1807295
1807830
1813068
1813254
1813902
1815769
1817748
1823451
1829723
1830095
1831781
1833308
1834381
1835654
1849063
1857500
1857916
1860339
1872237
1874165
1889327
1889397
1894910
1895933
1898095
1907066
1919217
1951487
1952545
1952878
1955103
1965055
1971345
1974980
1976780
1977933
1979467
1980828
1992276
1996035
1996473
2007365
2008860
2008897
2009639
2013096
2013570
2017688
2022025
2022696
2026057
2028034
2034381
2034412
2037099
2039858
2042737
2044027
2047040
2052921
2053810
2064317
2066039
2069089
2071388
2082394
2082585
2089866
2089908
2089960
2093433
2116571
2123252
2136665
2139359
2139549
2141293
2146040
2154550
2164669
2167559
2167628
2167695
2167947
2169961
2171482
2179628
2179842
2179977
2181416
2183705
2194010
2195468
2204374
2206226
2206310
2207270
2209364
2212215
2217092
2231224
2234742
2245559
2267961
2268503
2268530
2268601
2272358
2273783
2281060
2282794
2283029
2286431
2294634
2297201
2303318
2325425
2328257
2338310
2341659
2344745
2344792
2345546
2349632
2350016
2353464
2356682
2362732
2375096
2379660
2384680
2407354
2407887
2407916
2409158
2422976
2425179
2425553
2425627
2425727
2430007
2455386
2457065
2458314
2460132
2462623
2463055
2463553
2464083
2465415
2466220
2470697
2472419
2473361
2474052
2474715
2474807
2475592
2475674
2478370
2482963
2487934
2489697
2493629
2494106
2494560
2497028
2502111
2514019
2515972
2536267
2538955
2541878
2543735
2547363
2547662
2563473
2568515
2574338
2577924
2579162
2580222
2580505
2584088
2585997
2599187
2605341
2631017
2633185
2637635
2640206
2640345
2651268
2653389
2654561
2655951
2662577
2666231
2669642
2670159
2670467
2670956
2671290
2674413
2685045
2685131
2688620
2692749
2695029
2701551
2706273
2708482
2715744
2716717
2735871
2740370
2743667
2748953
2750344
2752101
2762930
2767579
2771925
2779292
2787317
2798454
2800982
2809709
2814736
2814775
2819348
2829319
2830841
2831045
2832194
2833213
2833682
2835047
2836551
2837748
2837937
2837986
2838411
2838820
2841868
2843546
2847687
2858064
2858318
2860635
2862556
2863599
2864381
2866166
2873929
2875405
2875633
2881268
2881489
2883957
2888833
2890427
2890830
2898974
2899113
2900268
2904073
2908564
2909074
2909606
2909816
2912057
2914900
2916665
2917500
2920943
2924646
2924716
2934292
2934572
2955892
2961608
2964007
2964829
2965679
2966838
2972684
2973569
2974223
2976340
2977364
2977660
2981962
2982799
3005488
3011031
3016960
3018737
3019294
3019579
3020424
3021470
3023721
3024285
3024960
3026064
3026117
3027020
3027145
3027797
3028633
3028791
3030764
3030846
3031124
3031233
3033468
3034228
3035600
3036825
3042106
3044336
3045534
3045796
3045953
3047711
3051562
3059820
3062128
3070931
3071546
3074859
3076180
3079356
3085834
3085845
3085881
3087055
3087461
3087470
3092414
3093168
3094114
3094742
3096129
3097056
3104261
3106963
3109593
3109662
3121447
3129183
3133121
3134288
3140232
3142397
3148903
3148972
3157481
3159234
3166251
3169228
3169630
3170161
3172573
3174321
3174520
3174706
3185921
3187046
3189623
3200698
3202799
3202865
3204421
3207630
3207837
3212523
3218542
3232744
3235217
3237964
3243654
3245567
3251673
3254507
3259286
3259970
3270071
3271339
3271598
3272884
3284120
3287982
3288098
3292629
3303258
3303856
3304880
3305062
3309227
3311339
3320015
3320139
3322317
3337659
3341014
3343002
3350936
3351156
3352777
3357254
3357782
3359130
3368695
3368713
3373325
3378315
3382818
3388590
3403610
3404897
3412679
3415790
3421090
3421982
3424914
3430375
3430397
3432127
3432296
3432445
3432535
3433616
3434024
3434309
3445166
3447638
3448630
3452218
3452292
3452550
3458033
3458249
3458295
3458478
3461510
3461657
3461841
3462010
3462126
3465923
3466007
3467401
3468095
3468128
3468935
3473417
3478057
3482060
3482129
3486398
3491384
3503539
3503905
3504487
3504511
3505444
3505876
3505906
3506205
3511240
3515776
3515802
3516109
3516607
3519539
3521633
3526928
3527132
3530285
3533812
3538393
3556212
3557326
3558756
3559624
3563080
3563377
3563620
3567127
3567294
3567301
3567348
3569607
3577829
3579546
3579597
3587579
3591787
3592421
3594060
3595282
3607258
3620756
3622162
3622639
3626640
3637904
3640294
3642353
3643645
3651695
3652179
3653447
3662589
3663708
3668267
3672263
3673505
3675579
3688418
3689084
3694034
3702137
3708154
3722063
3724373
3726944
3760955
3763962
3765651
3766807
3772613
3772975
3774976
3775963
3776669
3778284
3779142
3779364
3780117
3780382
3781220
3781773
3785828
3787505
3788283
3797482
3810115
3810134
3811525
3820532
3822673
3822915
3823336
3827713
3827980
3831490
3837028
3843206
3847434
3851880
3852126
3852145
3856259
3860804
3863244
3863440
3884765
3885406
3885591
3887498
3887992
3892560
3892567
3892861
3893624
3902383
3902785
3907078
3907405
3909131
3917875
3924423
3925485
3926290
3928116
3934063
3936361
3954107
3957709
3966407
3966829
3969445
3970986
3971032
3972465
3980878
3984482
3985952
3987308
3993325
4002158
4006013
4008504
4009402
4009718
4012346
4013984
4014718
4014946
4019167
4034162
4036562
4037501
4041965
4044127
4044180
4044250
4045570
4046559
4047061
4047133
4047165
4047199
4048458
4048726
4049988
4053058
4054289
4054606
4054701
4055098
4055559
4055573
4057399
4059087
4062654
4062747
4064767
4066335
4066428
4066548
4066881
4072691
4087860
4088526
4090807
4094216
4094378
4094919
4096077
4096503
4100070
4101257
4102363
4102396
4105553
4105577
4106482
4106839
4108107
4113365
4115291
4117556
4129940
4132369
4144784
4158622
4171720
4174012
4181572
4181663
4181703
4183203
4193371
4195036
4199548
4206638
4208762
4219909
4220229
4221798
4223622
4226074
4240992
4245082
4248134
4261204
4272907
4276578
4280366
4283166
4283405
4287239
4296743
4297959
4299430
4299828
4301285
4316966
4319433
4319757
4319812
4319946
4330732
4331196
4334068
4336838
4337542
4344002
4355116
4360947
4365732
4376056
4387402
4394667
4402606
4410534
4411246
4415338
4416056
4430073
4437156
4438596
4438631
4438917
4439783
4449447
4454114
4460440
4461439
4465577
4480718
4486808
4488785
4488955
4489288
4495227
4501032
4517083
4523700
4528108
4530019
4534129
4534538
4534724
4551740
4552763
4552865
4578167
4578683
4579316
4581304
4583172
4585202
4586743
4590856
4594818
4601284
4601326
4618675
4619564
4631563
4643511
4653335
4665563
4671087
4675641
4679520
4688032
4710485
4710548
4710843
4715883
4720182
4731718
4738029
4743016
4746458
4752339
4756191
4761051
4766095
4766193
4766298
4771168
4771294
4791213
4795031
4805510
4815432
4819039
4820048
4821455
4821707
4822267
4825755
4828595
4828801
4830013
4839363
4841590
4842193
4844673
4845077
4845193
4847653
4852444
4852652
4853035
4853502
4853941
4853978
4860268
4860494
4864285
4864945
4866517
4871061
4876628
4882000
4882390
4883306
4883543
4884632
4884702
4884999
4885405
4885528
4885821
4887286
4887504
4890076
4890456
4890495
4895770
4895938
4896068
4900847
4900925
4901650
4904359
4905269
4905439
4908844
4908937
4909057
4909390
4921430
4926551
4927832
4929710
4931208
4932043
4932170
4932282
4932773
4932845
4932877
4932911
4934812
4935816
4936901
4938783
4939156
4939483
4940343
4943540
4944527
4946811
4947169
4948202
4951057
4953818
4956260
4957859
4958799
4959453
4960494
4961631
4962694
4967934
4968618
4978281
4981803
4982758
4988052
5000461
5002869
5002999
5005660
5007079
5011673
5026583
5030444
5031271
5036514
5053548
5063643
5064794
5065111
5069392
5070135
5071023
5074975
5075800
5076894
5089921
5095793
5102632
5104986
5113062
5113430
5116498
5116569
5120038
5120116
5122956
5132561
5138217
5139884
5142612
5142840
5143317
5145103
5156184
5156263
5156295
5156901
5157101
5157630
5163066
5170918
5172018
5183938
5190369
5209954
5211191
5213734
5218720
5223196
5229681
