P:\CS423\lab1\ecoli_tata_subs.txt
TATAAA
8228
8695
14868
16747
17033
19152
19802
23022
24661
31871
32120
33460
36548
40317
52112
52360
52992
59664
60246
67044
74900
74973
75032
79745
87899
93914
93932
103676
111163
111318
111395
112810
121538
127487
128792
129504
130192
133251
135031
140851
141655
148957
160401
160881
161289
166630
171211
181723
185338
190718
191161
196689
199997
202053
207522
217604
219751
224345
227633
231256
234239
250581
253428
256836
257103
258221
262207
262959
270930
273982
275458
275686
280369
280590
282943
283486
284475
286745
289967
290924
291349
292548
292628
292641
294852
295567
295608
296254
296359
296565
297006
297174
297420
297536
297560
297576
298077
299115
299142
301448
305346
309653
320855
321923
322371
325985
330547
335441
335486
335761
336387
340421
340691
345581
346329
346374
346673
346857
347263
354721
360372
361605
368894
371081
374335
376114
377331
379325
381652
386231
386850
388408
389834
395719
399367
403060
403093
405900
406824
407884
409392
414183
418813
419194
419888
421442
422571
424607
425777
434823
442596
444186
453609
459214
459777
482629
490417
490830
500171
506152
507323
509881
515541
516784
516992
521260
525764
535351
535358
541250
549012
549501
552975
555746
580713
586236
596964
605230
607472
607676
612108
612353
613806
614053
621958
629248
630340
631064
632180
634318
636922
637895
645727
651220
651405
666908
678559
678792
683972
684727
689802
692159
701405
712931
732852
733095
742136
742639
748082
751128
752549
752923
758255
760270
761882
768897
769649
770292
772368
772740
773768
779229
779447
792507
793617
793780
793867
794268
801351
804124
813762
816807
818401
819204
826580
829513
835152
843287
848941
851801
855886
859990
863635
863668
871213
871490
873330
873466
878654
891274
895983
896885
900228
907680
907791
911132
911340
914426
914654
917619
917632
919257
924826
933729
934250
934323
934681
937276
954286
974328
977122
990432
990594
996148
997243
999942
1006478
1007087
1011338
1012935
1015260
1019423
1020687
1031620
1033491
1033998
1039091
1041290
1041385
1045351
1055428
1061386
1064952
1065132
1072656
1075515
1087967
1093003
1098280
1099820
1102964
1111008
1115830
1120995
1122672
1122946
1125625
1125908
1127590
1129028
1129061
1129477
1129888
1130035
1130169
1130932
1131144
1131354
1135347
1135361
1147304
1158811
1163364
1164432
1164880
1168702
1169235
1176601
1178160
1180596
1180794
1182920
1184827
1184865
1186601
1190041
1192534
1192738
1198069
1201080
1202683
1210129
1216757
1217039
1219367
1235904
1236171
1240968
1244901
1246118
1246819
1246942
1247028
1250546
1257974
1265633
1267901
1271551
1283947
1284433
1288610
1289407
1296699
1298215
1310184
1310658
1313098
1313198
1313549
1324563
1325867
1328639
1337981
1338563
1343842
1357931
1359419
1369825
1370665
1373042
1376865
1377140
1377817
1381608
1381912
1394198
1396185
1398465
1421007
1422914
1434203
1435660
1444804
1450986
1451333
1451917
1452282
1452300
1452529
1453933
1455880
1456433
1457220
1457902
1459536
1465613
1468050
1470795
1477415
1479201
1488722
1491786
1493615
1499000
1500491
1502706
1505361
1509552
1510936
1511002
1511035
1518370
1523270
1539051
1545651
1547065
1552121
1552556
1554372
1558498
1558629
1559161
1561619
1563157
1563808
1577977
1578050
1579118
1589974
1598428
1605965
1610668
1612281
1614472
1625092
1625721
1627067
1633826
1636158
1640057
1644494
1646976
1649079
1650762
1654558
1660564
1660802
1664182
1666996
1673866
1678626
1684438
1684531
1693031
1709086
1712875
1714739
1717790
1723630
1725548
1725820
1726375
1726407
1726937
1726953
1730833
1743239
1743758
1748596
1748712
1749295
1758007
1761328
1762618
1764023
1765102
1769300
1772309
1772368
1773812
1775706
1778929
1779132
1779214
1797967
1798732
1800637
1806157
1807222
1811860
1816433
1818735
1819753
1822237
1827954
1828697
1839385
1839637
1840057
1844915
1845817
1849645
1853109
1856360
1865704
1875178
1876426
1881968
1888358
1890927
1891116
1900734
1905800
1910951
1924183
1926342
1931714
1940275
1940513
1943264
1943326
1945559
1948132
1959349
1960029
1961273
1964263
1965260
1968334
1972138
1978163
1985755
1985996
1990101
1995261
2001275
2001333
2006686
2007517
2010085
2010117
2010373
2011873
2014455
2026262
2026628
2030704
2045347
2045521
2045535
2049578
2057040
2061794
2061935
2062196
2068461
2074739
2075064
2078147
2098158
2098303
2102278
2104566
2109724
2109905
2126991
2128094
2128263
2132802
2135295
2135415
2136751
2137662
2137978
2144718
2146980
2154560
2154854
2155965
2156565
2161863
2162145
2162862
2163718
2178566
2187088
2187179
2189745
2190586
2193424
2195868
2195925
2196180
2197392
2197752
2197984
2200660
2203834
2205272
2205410
2206540
2210631
2211038
2211786
2212653
2215421
2248490
2249410
2249450
2250957
2254101
2257170
2257201
2258118
2258152
2260899
2267417
2271021
2274372
2274788
2281338
2294555
2300589
2303044
2308432
2313415
2317661
2324640
2326705
2327576
2327654
2332450
2333576
2344826
2345093
2346428
2350158
2350525
2353871
2356313
2358477
2360601
2363107
2363902
2367825
2377971
2382364
2391932
2392262
2393825
2394530
2395623
2395908
2396377
2396601
2397099
2397362
2398589
2398942
2399359
2400013
2400585
2402726
2403161
2410750
2412076
2416165
2423020
2430515
2438290
2440613
2453022
2453746
2454847
2463845
2466783
2473377
2478857
2479059
2479323
2479914
2481116
2483029
2483094
2487757
2488501
2489590
2491708
2496049
2514403
2515472
2523479
2530371
2537257
2538653
2541325
2541338
2560286
2573802
2576678
2581877
2582425
2582773
2583762
2591206
2591386
2593789
2597501
2597938
2598576
2610062
2612955
2621939
2630307
2630511
2631297
2642547
2645427
2647336
2651587
2652158
2658426
2659465
2670769
2671114
2678382
2681583
2684328
2689402
2695654
2703853
2712967
2715622
2717405
2724028
2729313
2736864
2737882
2738034
2743236
2744273
2747640
2747688
2748421
2755832
2755958
2756375
2756838
2757000
2757503
2757551
2757574
2758028
2758659
2758901
2758989
2759005
2765950
2766673
2768600
2771292
2774359
2775705
2776625
2777023
2777182
2795887
2799440
2803370
2819739
2821493
2823473
2846717
2850369
2851329
2856404
2858238
2867053
2874742
2880154
2886632
2887864
2889533
2894572
2904199
2905999
2909219
2917306
2918950
2928470
2929717
2936790
2950364
2952752
2958465
2959066
2960739
2961559
2961802
2963463
2970421
2971272
2972665
2979368
2979720
2987378
2994195
2999083
3003998
3014319
3019141
3021971
3024166
3024661
3027701
3027897
3028476
3037678
3044400
3047824
3048074
3049914
3053194
3053476
3059252
3062701
3064487
3065925
3066755
3075159
3084638
3085384
3088048
3091142
3091875
3095171
3097064
3108174
3115023
3120874
3128090
3141558
3151562
3156759
3160885
3170857
3173068
3177577
3177623
3190393
3195108
3196144
3197061
3199853
3209368
3209698
3217513
3221638
3222573
3235389
3239427
3253446
3253976
3254254
3254357
3255049
3256421
3259980
3269109
3276424
3276886
3278546
3278899
3290480
3295518
3306940
3311076
3317504
3320621
3334990
3335491
3335878
3346850
3352621
3358314
3370239
3372642
3373377
3373508
3378890
3379497
3379816
3395866
3401329
3402781
3403296
3406306
3406548
3407151
3409371
3413018
3416475
3416820
3417446
3418172
3419063
3421574
3422480
3423065
3424224
3424847
3424992
3425402
3426340
3430456
3430651
3431056
3431123
3431191
3431409
3439109
3440750
3443490
3447263
3447530
3450978
3455667
3459525
3470875
3471702
3472415
3472995
3473401
3473899
3474551
3476419
3476846
3477151
3478190
3479110
3480979
3489673
3490252
3496915
3508943
3509965
3510851
3510951
3518295
3520160
3520274
3520982
3521023
3521169
3522818
3523015
3523306
3523498
3524360
3524424
3526400
3527124
3528928
3550954
3551977
3552935
3554560
3558093
3558441
3573858
3578250
3579399
3579903
3582357
3583984
3585495
3585525
3600298
3601550
3607901
3608857
3614598
3618441
3624221
3624471
3624560
3626313
3640370
3644740
3645165
3646984
3651241
3656124
3657333
3668198
3669563
3678363
3685771
3687481
3691603
3698768
3702570
3705329
3705408
3705742
3706782
3712644
3721495
3734970
3742360
3746301
3752662
3755270
3764002
3766938
3766986
3776451
3777472
3786573
3787634
3787780
3788771
3788981
3789479
3794149
3809595
3810742
3826269
3832960
3834481
3835141
3836363
3839581
3840160
3844671
3845338
3847385
3854293
3863611
3870947
3884668
3886857
3888940
3900490
3908864
3911130
3912332
3923489
3925207
3925313
3936698
3941628
3944582
3948885
3955460
3958736
3967765
3976043
3976229
3976502
3979339
3988112
3990462
3990780
3991831
3993183
3993684
3993837
3994021
3994563
3994832
3995162
3996393
3996520
3996538
4010893
4014256
4014585
4020809
4025968
4028652
4041269
4046089
4061857
4066664
4068903
4074074
4074749
4081366
4083577
4083638
4084376
4084951
4094646
4095500
4096675
4102706
4103561
4104160
4104707
4106445
4108066
4108186
4110769
4113078
4113296
4113350
4140184
4140934
4146725
4147388
4150959
4151672
4152768
4153810
4158520
4169552
4176301
4179678
4181748
4203227
4204116
4204305
4211902
4218261
4230974
4231785
4231820
4232007
4233125
4234401
4235092
4236997
4237958
4238047
4243782
4247657
4248703
4254421
4259698
4262258
4264229
4270078
4272022
4273645
4273906
4276132
4277649
4279080
4280937
4281423
4283034
4283243
4283265
4284895
4288676
4289471
4289792
4289803
4291118
4292606
4296186
4296765
4300204
4302007
4302791
4304935
4305124
4315550
4316029
4322171
4327376
4327916
4332562
4333295
4333328
4333417
4333615
4340915
4344890
4355779
4356436
4356457
4359554
4360170
4362668
4367791
4372244
4373030
4373273
4384865
4391620
4402067
4407406
4407707
4407867
4407920
4423516
4427709
4428179
4438263
4440556
4447878
4448496
4453371
4453516
4469494
4482382
4494470
4496080
4506028
4507739
4508693
4521010
4528412
4529425
4536485
4537947
4539219
4542892
4543038
4553082
4556844
4566953
4569595
4569854
4572612
4576428
4576451
4587690
4589338
4603127
4603617
4604639
4610565
4611006
4622839
4627033
4627063
4629034
4632383
4632956
4633160
4654520
4657802
4660512
4660664
4668240
4680218
4685659
4690790
4690803
4704218
4712652
4717283
4729027
4730179
4738947
4751535
4756433
4756698
4757168
4757196
4763457
4769216
4771060
4773682
4779883
4793684
4797621
4800705
4804088
4810630
4818585
4819846
4828003
4828455
4830171
4838192
4840241
4847773
4850854
4856287
4863336
4865755
4866671
4869834
4872240
4879375
4885568
4885592
4894056
4896550
4899174
4901318
4901393
4902382
4911286
4912071
4916222
4921409
4921676
4925810
4926735
4928295
4930488
4938043
4938880
4939050
4941694
4941889
4942294
4942361
4942429
4942647
4953893
4953932
4960196
4960771
4964170
4964964
4965766
4969353
4969714
4978587
4983229
4983268
4992080
5011139
5014309
5014751
5016052
5028656
5032731
5033972
5034736
5034909
5049834
5059220
5064243
5066096
5067853
5076383
5080052
5081401
5085249
5089674
5092776
5094459
5113772
5127341
5130263
5130591
5134427
5134819
5135473
5135606
5137623
5143305
5145490
5150359
5156494
5156717
5159888
5162119
5163716
5165173
5165940
5171318
5171518
5171776
5171809
5179965
5180088
5183172
5183892
5184924
5187929
5188555
5192188
5198889
5202189
5218347
5220342
5230511
