P:\CS423\lab1\ecoli_subs_ccaat.txt
CCAAT
136
449
1231
1975
2314
2578
3542
3781
4703
5336
7672
8626
9719
10728
10812
11660
13983
16456
17284
18556
19552
19947
24952
25351
26944
29916
30108
30372
30535
31379
37701
37755
37950
39455
40226
40469
40982
42222
43236
45164
47490
49208
50065
53413
54394
56555
63282
65014
67591
67770
68792
69730
70369
70810
72119
72311
72545
73243
75720
76069
77363
77438
82073
83661
84129
85742
86401
88152
89385
89694
90252
96404
99227
99479
100108
101724
103867
104709
105168
105774
105836
106762
106870
107452
107480
109140
109153
113353
114259
115222
117502
118323
118736
120872
122611
122638
125939
127639
128656
128676
132401
142781
142820
143981
144942
146968
148479
149364
149404
151317
151341
152753
154521
157061
157523
159515
159618
160960
162680
163115
164336
165224
166258
167872
169017
169088
170296
170608
173467
175197
176784
177027
177927
178630
178708
179640
181139
185427
186714
186919
187649
187948
189472
192248
192829
193582
195619
195787
196396
198439
198680
199283
202036
203921
204389
206986
209955
210217
214641
215755
219120
220732
221153
222527
223096
224703
227656
230710
231717
232296
232509
232773
232944
233678
233806
237944
239861
241522
243959
244424
245387
245924
248050
249852
250019
253410
253624
253797
262934
263305
265119
265235
270124
271286
272939
273252
273650
275858
276873
278018
283575
285402
289137
290561
295202
296836
300597
301752
304511
306015
306622
307122
308059
318544
325131
326500
326743
328699
329057
332508
335254
340095
340734
341524
341818
342529
342823
343534
344418
345619
350383
351535
352821
354663
355820
359015
363488
364545
365722
365916
369018
370040
370911
374101
375371
377698
380628
383041
383800
386141
386887
386948
387960
388430
388493
389767
390280
390673
390748
390955
392350
393671
394537
394747
395374
396344
398867
399389
399458
400616
401608
402383
402464
402721
402769
403986
404332
404466
406005
407489
407848
408056
411096
411620
412484
413199
415315
416168
417713
417840
418776
419813
424201
424423
425402
428482
428765
432759
435153
435357
435369
436083
436181
437109
440347
440497
440583
440772
441796
441858
447077
447149
447958
448180
449014
449347
449614
449683
452672
452933
453010
453340
453658
454215
455612
455681
457789
457840
457912
458270
458580
459848
463855
464149
465718
466021
466099
467029
467605
469292
469439
469583
470466
472390
473172
473843
477136
479663
479839
484132
484420
486260
486308
486578
486591
487868
490329
490413
491243
491579
493746
493881
500579
504059
507814
508544
510960
512348
512621
512957
513653
513710
515520
515906
517204
518024
518424
519533
520367
520430
521217
521562
525428
527323
529206
539857
540063
540283
540751
542349
543881
544387
552506
552734
554116
554152
554278
556246
559686
559715
560612
564290
566738
569845
574040
574160
575111
575528
576385
576747
578062
578262
578367
578391
578952
579051
579571
579874
580555
580603
581804
583633
586305
590526
591566
593289
595027
599584
600306
602692
606564
607061
607920
609019
609146
611766
613047
613380
614664
614965
615502
615733
616985
617080
617199
617226
617355
620374
621375
623900
625378
625568
626303
627570
628686
629448
629819
631615
635987
637048
640103
640268
641125
642139
642206
643371
644201
644507
647267
647573
647756
649357
649882
649984
651993
653118
656015
657570
658092
659919
662207
663238
663495
663549
663660
663726
664356
667009
669213
675205
675770
676858
677047
677520
677570
683457
686297
686600
686966
687135
687721
687817
692005
693277
695498
696532
696629
698398
698497
701483
705336
705597
705750
706173
708398
709413
710243
710471
710945
713188
715845
717425
717887
721985
722100
722395
722491
723574
729700
729901
731642
733591
734454
740067
741904
742902
743145
747015
747804
749803
752890
753554
756323
758596
761809
762151
762750
765768
766077
766947
766968
768271
768361
772883
775585
776307
778105
778117
778529
778780
779186
780248
785533
786330
789669
792358
793496
794586
796497
798108
802351
802811
803692
803925
805325
810193
810585
811458
813594
814263
814795
816663
818198
819242
820557
821129
821345
821383
821569
821621
825917
825968
826370
828316
828725
831746
832775
833897
834518
835781
836448
838702
839336
839788
839962
840335
844350
844611
844800
845981
846192
846275
846605
848008
851400
851761
852744
853053
855101
859113
859156
861911
862131
862311
863409
863457
863955
864965
865981
866101
866821
867148
871388
871819
871869
871905
872505
876414
877714
880282
880642
881381
881540
881741
882182
882452
883277
885422
888063
888120
897739
898414
898726
902487
903803
904313
907346
907571
907710
907964
909084
909126
909218
910375
910744
911549
911808
911850
912428
914145
919212
919613
920782
924145
924502
928270
930756
934755
935418
936858
941338
942237
942281
942779
943016
943838
944069
946975
948836
949105
950291
951522
954380
962367
964855
965652
967509
968444
968621
968633
969675
969969
970071
971129
972652
973897
974212
975579
981025
982560
988293
989541
989589
993619
994377
994905
998154
1002025
1007068
1009008
1009895
1011381
1015056
1015340
1019321
1019862
1022195
1022579
1022828
1023831
1024224
1024290
1024332
1026230
1032581
1033233
1036396
1038598
1039369
1040128
1041878
1042495
1044349
1045146
1045545
1045557
1047769
1048468
1049422
1049946
1050941
1051466
1052204
1052502
1055773
1060935
1061434
1065292
1065572
1066115
1066316
1066340
1066417
1067201
1067390
1067816
1069849
1070967
1074764
1076438
1077172
1077349
1081293
1083802
1087036
1087120
1087790
1087944
1088642
1093605
1093697
1095622
1097810
1099584
1100307
1100450
1100952
1102273
1102399
1102783
1102870
1102954
1107420
1107438
1107712
1107893
1110200
1111280
1111442
1111781
1117261
1117618
1119782
1120381
1122183
1123600
1124514
1125657
1125693
1126602
1126917
1131837
1132084
1135383
1136708
1140722
1144258
1144678
1145595
1145640
1146661
1150924
1153616
1169747
1170014
1171250
1173619
1173764
1174823
1174959
1176615
1182613
1187340
1192280
1198753
1199146
1199221
1199953
1201440
1203295
1208126
1208683
1211115
1211310
1213595
1214784
1215885
1220311
1220386
1220501
1221885
1222041
1222146
1222247
1222583
1239473
1240561
1241418
1241949
1242710
1245921
1246482
1250791
1251681
1254359
1257026
1257169
1257913
1259629
1260010
1260030
1261550
1262488
1263301
1264057
1264529
1264826
1266576
1267696
1267780
1267792
1268374
1269335
1269344
1270434
1274612
1275281
1275502
1275507
1276480
1276771
1277381
1277677
1278278
1278494
1279476
1279754
1280003
1280270
1280636
1282008
1282566
1283379
1283582
1284125
1288522
1289895
1290130
1291768
1292041
1293304
1293938
1298120
1298564
1300058
1301198
1301583
1302338
1303778
1305718
1306078
1306318
1308911
1309459
1311238
1311850
1313973
1314210
1314886
1316753
1316909
1318572
1322246
1323051
1323248
1324167
1324751
1325049
1326646
1328335
1332290
1335073
1341696
1352479
1362358
1362815
1368187
1368457
1370602
1372315
1373820
1373943
1374091
1374289
1374974
1375133
1375331
1375373
1376737
1379138
1379477
1379489
1379883
1382900
1382937
1383459
1384609
1386231
1389713
1390590
1391543
1391999
1392338
1393978
1394757
1395903
1398428
1401291
1406400
1408547
1409234
1411177
1411922
1412383
1412749
1412943
1412988
1413799
1414085
1415282
1417251
1418568
1418629
1421571
1423033
1425406
1425551
1428722
1434311
1440607
1445687
1447735
1447912
1447996
1448290
1453829
1453892
1456273
1458702
1459614
1459902
1460676
1461569
1463847
1467104
1468946
1470163
1470385
1471061
1472569
1472794
1475373
1475574
1476873
1476978
1477466
1477757
1478301
1479624
1480397
1484891
1486641
1486773
1487544
1488843
1490999
1492184
1492323
1492401
1492863
1493095
1498016
1499282
1499721
1500113
1500521
1503008
1503108
1504223
1504405
1509279
1510515
1511856
1512464
1513904
1516341
1519110
1519678
1521427
1521686
1521775
1526583
1528286
1530579
1531414
1531507
1532954
1533239
1534555
1534695
1535718
1535975
1538010
1540435
1545046
1546964
1547353
1549016
1550850
1552912
1553852
1553957
1556048
1556931
1557159
1557228
1557892
1558106
1558493
1561258
1561393
1562860
1563607
1563816
1564743
1567520
1572638
1574157
1577315
1577705
1579418
1581037
1581078
1581195
1582291
1583167
1585997
1587421
1588142
1589991
1590034
1590103
1590139
1590576
1593885
1593894
1594519
1595052
1595164
1596386
1597327
1599780
1600544
1600838
1601616
1602856
1604276
1611898
1612261
1613709
1615210
1617712
1618618
1622346
1627488
1627779
1630832
1631950
1633143
1633567
1633780
1634705
1634804
1635768
1637247
1638012
1638028
1638483
1638609
1638663
1638753
1640614
1641892
1642625
1642797
1645021
1645323
1646859
1646888
1647940
1649219
1651789
1652673
1653053
1655642
1657442
1657694
1659825
1663082
1663236
1664429
1666254
1667575
1667861
1668063
1669074
1669107
1669377
1670768
1671277
1674773
1678335
1680417
1680544
1683981
1684185
1685393
1686715
1687090
1689196
1692177
1693938
1694195
1694399
1695156
1695531
1695722
1695821
1696289
1696757
1698594
1698639
1698858
1699301
1702026
1702372
1704020
1704442
1705569
1708297
1708579
1709263
1710195
1713846
1714396
1714506
1714518
1719463
1724534
1724709
1728848
1729442
1729847
1729972
1730050
1731071
1733469
1733762
1736180
1737609
1739501
1742349
1742780
1743143
1746617
1747470
1750067
1750378
1750786
1750804
1751122
1752449
1754095
1754999
1755857
1756786
1757344
1763594
1765036
1765596
1767405
1770981
1771317
1771512
1771588
1771755
1772519
1773056
1773063
1773305
1774100
1775353
1775885
1776515
1780089
1780179
1780380
1782274
1782637
1783417
1787461
1788103
1788298
1788631
1790035
1790094
1790949
1792279
1792586
1794350
1795806
1796346
1797550
1798875
1799907
1801057
1801336
1802937
1805203
1805489
1806208
1809247
1812295
1812403
1812631
1813204
1813231
1814449
1815678
1816327
1818428
1819117
1820437
1820621
1821077
1821887
1821917
1824155
1824231
1824798
1827333
1827423
1828249
1830006
1830162
1831739
1832806
1832880
1833560
1833801
1834181
1835889
1836843
1836855
1837180
1837666
1838053
1838083
1838587
1841466
1841691
1842672
1846033
1846363
1847595
1848371
1852371
1852430
1853138
1853782
1853878
1855494
1855620
1856640
1856996
1857687
1858490
1859044
1859498
1860224
1860269
1860424
1862652
1863495
1864799
1868534
1870556
1874338
1877323
1877512
1878117
1879134
1879625
1879784
1880108
1880204
1881183
1881251
1881349
1882093
1883805
1885068
1885871
1887895
1889239
1891185
1892433
1892688
1893390
1894401
1895347
1895496
1895960
1898958
1899096
1899137
1900040
1901030
1901381
1902194
1902457
1902633
1902781
1905181
1905297
1905324
1906757
1908461
1908881
1909478
1910143
1910203
1910581
1911328
1911607
1914491
1915806
1915962
1918827
1918917
1919127
1919288
1921678
1925927
1926481
1927310
1927427
1928933
1930355
1930817
1931245
1937053
1937224
1938495
1940166
1940978
1941518
1944175
1947366
1947814
1948267
1948433
1950202
1950349
1951932
1953390
1953481
1953625
1956617
1956802
1957252
1958455
1961388
1965215
1966574
1968523
1972314
1974591
1974750
1974810
1977094
1977798
1978346
1979609
1980810
1982242
1982623
1984808
1987795
1988114
1988913
1989134
1990244
1990448
1990865
1991433
1996396
1997223
1998017
1998217
2004242
2004689
2006561
2008703
2008718
2010285
2010654
2010966
2011185
2011465
2013130
2013388
2013713
2013964
2014203
2014488
2014759
2014975
2015521
2015878
2016140
2016383
2016992
2017666
2023223
2024900
2025908
2026671
2028049
2028617
2028735
2029541
2032277
2034670
2035283
2036283
2037403
2037835
2038047
2042667
2042712
2042718
2043304
2047032
2050246
2051139
2052601
2052667
2054004
2054181
2054275
2055288
2056776
2058454
2059183
2060439
2061328
2061361
2062524
2063085
2065598
2065742
2067441
2070243
2070681
2071139
2072094
2072338
2072377
2074056
2074430
2078647
2079461
2081302
2081601
2084786
2088458
2090531
2091170
2094267
2096012
2096161
2096557
2096614
2097303
2098710
2102775
2104372
2107424
2109662
2110398
2112400
2113802
2114069
2115128
2115341
2116101
2117016
2118844
2119768
2120366
2120724
2121852
2122975
2125946
2126464
2126926
2129836
2130404
2130894
2131458
2131605
2131902
2133008
2133305
2134138
2134394
2134769
2135661
2136117
2136780
2137720
2139617
2141113
2141426
2141754
2142615
2143853
2146778
2146874
2147506
2147845
2150545
2151025
2151932
2153727
2155275
2157000
2159515
2162191
2162430
2162929
2163591
2164073
2164959
2165965
2167704
2167911
2168813
2172152
2172419
2174751
2175962
2175995
2177394
2178159
2180520
2180848
2183766
2183796
2184406
2184441
2184982
2185129
2187168
2187552
2189351
2190973
2192603
2193155
2199129
2199188
2200781
2201691
2202164
2203024
2203545
2206285
2206358
2207364
2208382
2208844
2209462
2210769
2211756
2212402
2212765
2213844
2214352
2217845
2217994
2219109
2221422
2221898
2222808
2224056
2224600
2227058
2227625
2228325
2231022
2232757
2235408
2237637
2238652
2241600
2246991
2248791
2249746
2250890
2252350
2253700
2256395
2257361
2258776
2262821
2264721
2264784
2264876
2264934
2266195
2266273
2267864
2268087
2268770
2269351
2269735
2270384
2271716
2271737
2271831
2272860
2272923
2274095
2274421
2274618
2274974
2275114
2275812
2276749
2277373
2277859
2278779
2279150
2279485
2279987
2280330
2281114
2281142
2281529
2281613
2282050
2282371
2284432
2284803
2285138
2285980
2286264
2288449
2288886
2289130
2289185
2290088
2291321
2292737
2293154
2294142
2294440
2294878
2296240
2296393
2296750
2296797
2298399
2298737
2300922
2302079
2302971
2303178
2303268
2303814
2303840
2304192
2304640
2304925
2305679
2306531
2306652
2307292
2308131
2309621
2309742
2310069
2310311
2310810
2311068
2312422
2313229
2317612
2317657
2317843
2318747
2319589
2319988
2320122
2320587
2321824
2322534
2323246
2323597
2323866
2324950
2331194
2331794
2332016
2332763
2333299
2333571
2337120
2337289
2341004
2347131
2353446
2353455
2354272
2354666
2363543
2364735
2369724
2369874
2375500
2376022
2376601
2386156
2386306
2387039
2388890
2389040
2390726
2390858
2391233
2391860
2392027
2392669
2392864
2393593
2393722
2393761
2394076
2394261
2396310
2397278
2397413
2397898
2397945
2398738
2398817
2399138
2399597
2399627
2399645
2399882
2399899
2399921
2400168
2400191
2400222
2400502
2401216
2402470
2403596
2405194
2406484
2406574
2408603
2410209
2410341
2410471
2412560
2416042
2416141
2418128
2418230
2418618
2419196
2419703
2419757
2420464
2421426
2422959
2423082
2423127
2424739
2424982
2425106
2427704
2429075
2429577
2432663
2433854
2437021
2438676
2438830
2439588
2441070
2442286
2442322
2442631
2442848
2443595
2445382
2450873
2451980
2452236
2453574
2453642
2454257
2455402
2455558
2457756
2459992
2460302
2462399
2462414
2462588
2463193
2463439
2464135
2464156
2464168
2464183
2465857
2466319
2474418
2475204
2475419
2477060
2477716
2478563
2479249
2479896
2480392
2481762
2481788
2484133
2484851
2485003
2488308
2490249
2493856
2496902
2500510
2501525
2502191
2503030
2503956
2505563
2505614
2507632
2507980
2508860
2509013
2509680
2513520
2514099
2517163
2517178
2518156
2518858
2520656
2521409
2521520
2523800
2527466
2527578
2528585
2528807
2529101
2529731
2529770
2529908
2531034
2531957
2532551
2532719
2532824
2533175
2533823
2533940
2534027
2534214
2536111
2538858
2540049
2540142
2540347
2540886
2544470
2544547
2546595
2546865
2546994
2547264
2547480
2547708
2548071
2548308
2548467
2548664
2549767
2550352
2550423
2550993
2551032
2551128
2552937
2554278
2556614
2556709
2558814
2559761
2560249
2560323
2561276
2564017
2564560
2566186
2569466
2569685
2570402
2576018
2577779
2579574
2579580
2579902
2580347
2580957
2581252
2581441
2582395
2583331
2583529
2583586
2590709
2593089
2593584
2594491
2595466
2598136
2600327
2604417
2606353
2606665
2607415
2607541
2608155
2610450
2611055
2612472
2616288
2616619
2619903
2621219
2621432
2622319
2622872
2626368
2626396
2626416
2628449
2629269
2629412
2629460
2629545
2632348
2634054
2634244
2635133
2636731
2637617
2637662
2641451
2643327
2644700
2644958
2645165
2645434
2645572
2645578
2646280
2646427
2648487
2648522
2649171
2650334
2650550
2654240
2656664
2658390
2659357
2660751
2662070
2663533
2664892
2667155
2667491
2667692
2669061
2669433
2669803
2670025
2670196
2673879
2674065
2676601
2677510
2677749
2678117
2681723
2685265
2686282
2687215
2687503
2692297
2692357
2692819
2692840
2693128
2693311
2693656
2697742
2700748
2703151
2706620
2706979
2707342
2711553
2714188
2715049
2716053
2718482
2718815
2719403
2723484
2725283
2725770
2726771
2727895
2728534
2728660
2729026
2729251
2729885
2732311
2737822
2739159
2739303
2739789
2742026
2743067
2743881
2746953
2746964
2750835
2751862
2752002
2752980
2754636
2754998
2756438
2757255
2757649
2758917
2759268
2759316
2759524
2759777
2760197
2760640
2760736
2761240
2762065
2763734
2763868
2764080
2764735
2764942
2765622
2766351
2768325
2768936
2769666
2771697
2772137
2772245
2772554
2773209
2773489
2773896
2774070
2774189
2775793
2778468
2778691
2779590
2780361
2781578
2783218
2785717
2786710
2787124
2787214
2787550
2789412
2789784
2791268
2791948
2793151
2793723
2793824
2794620
2794749
2794799
2795001
2795716
2796704
2798465
2798544
2802358
2802628
2803100
2803511
2805132
2805822
2807064
2807155
2808729
2809940
2812975
2813272
2814050
2814170
2816315
2816383
2816701
2817744
2820967
2821543
2824356
2829745
2831414
2831879
2834675
2835235
2835655
2836302
2836701
2837708
2838362
2839223
2839304
2839544
2839562
2842569
2842665
2843098
2843436
2845949
2847714
2848887
2849520
2850412
2850454
2853634
2856025
2856746
2856863
2859722
2861312
2861494
2862076
2863072
2865822
2869167
2870912
2871842
2872078
2872657
2873316
2873835
2874021
2874132
2874177
2874243
2875970
2876246
2876561
2879945
2880134
2880812
2880917
2880932
2881718
2882081
2883719
2884577
2885366
2886025
2888337
2891446
2892064
2893924
2894435
2896155
2897584
2901466
2901501
2901839
2902203
2903083
2903524
2903562
2903688
2906904
2907108
2907796
2909031
2909762
2910026
2910362
2910574
2911087
2913422
2914347
2914371
2915424
2917938
2920029
2920488
2922666
2922861
2924882
2926010
2929071
2931150
2933813
2935418
2935541
2935710
2935742
2936342
2936367
2937921
2939305
2939615
2940323
2941133
2942247
2942293
2945925
2949392
2949499
2950312
2950939
2954213
2954506
2956224
2956317
2956677
2958541
2960425
2960575
2960599
2962274
2962698
2963235
2963937
2965510
2966568
2966936
2967214
2967482
2968393
2973929
2973992
2975110
2976396
2976869
2977856
2978422
2979187
2979336
2981639
2982103
2982229
2982447
2982714
2982873
2984025
2984277
2985796
2987518
2987539
2988461
2992539
2994359
2995078
2995159
2996257
2996329
2997262
2998182
2998531
2999189
3001486
3002954
3003359
3004625
3005339
3006835
3008026
3008082
3010878
3014828
3014955
3015646
3017626
3017694
3018538
3019037
3019069
3020680
3020751
3021362
3022508
3023806
3023973
3024087
3024281
3024501
3025098
3028463
3031256
3031529
3033852
3034026
3035205
3042919
3044579
3047695
3049946
3052054
3052841
3054055
3057849
3060174
3060958
3063457
3063582
3064260
3065052
3066971
3067158
3067486
3068029
3070035
3071163
3071280
3072842
3074258
3074588
3074968
3076937
3077602
3082541
3083364
3083488
3084573
3084810
3087140
3088199
3092520
3092721
3092763
3093612
3094567
3094591
3095432
3097051
3097653
3098013
3098202
3101514
3101568
3101979
3102444
3102882
3105635
3112385
3114700
3115374
3115531
3115844
3116269
3118478
3119327
3120400
3120631
3123418
3124031
3125319
3126033
3126609
3128518
3128848
3129211
3129322
3129820
3133049
3133199
3134186
3136011
3138441
3139704
3140281
3142143
3143226
3146636
3146866
3147086
3147679
3147782
3148030
3148048
3148417
3148600
3149415
3149868
3150563
3152480
3152884
3152987
3154010
3154927
3154978
3155389
3157231
3158495
3159619
3160181
3161245
3162850
3164313
3165870
3168927
3170826
3171300
3171324
3171543
3174070
3174981
3176648
3178069
3180494
3180961
3181637
3183153
3184242
3184626
3186829
3187135
3187894
3188048
3188905
3190169
3192742
3195410
3195482
3195705
3197369
3197787
3198071
3199083
3199744
3203168
3203406
3204182
3204455
3206084
3207560
3207596
3209222
3209298
3209332
3211378
3212374
3213567
3214594
3214786
3217109
3220544
3221247
3222164
3222274
3222384
3222747
3223404
3224494
3235497
3237380
3237629
3249309
3249507
3250094
3250199
3251056
3251394
3252983
3253202
3253340
3253605
3253661
3254145
3254364
3255413
3256376
3258678
3259538
3262085
3262212
3262275
3262326
3265257
3267671
3270707
3271217
3272657
3273035
3273134
3273707
3276654
3280050
3280056
3280236
3280305
3280389
3283492
3285256
3285501
3286354
3288066
3288654
3288741
3288947
3289226
3289991
3290340
3291906
3293152
3293637
3293779
3296390
3297205
3297523
3298802
3301034
3301103
3301410
3301520
3301622
3302637
3303027
3304870
3305384
3305849
3308109
3308954
3309020
3309107
3310172
3310355
3311864
3311873
3313842
3314069
3315156
3319473
3323636
3323644
3325012
3325234
3325822
3326043
3326157
3326244
3326928
3327944
3330714
3330891
3333311
3334141
3336204
3338010
3338793
3339338
3339352
3339925
3342901
3345615
3347157
3347784
3353482
3353864
3353875
3354010
3354124
3354367
3354652
3358235
3358609
3360802
3365458
3365541
3366097
3368210
3370079
3370772
3370883
3371410
3372481
3372490
3372547
3372877
3373152
3377175
3378122
3378311
3380823
3381297
3386843
3388982
3389162
3390498
3392025
3393096
3393809
3394851
3396351
3396523
3398499
3399067
3401243
3401971
3403603
3404279
3404538
3407445
3409105
3409899
3412864
3417868
3418496
3419544
3419892
3420783
3422093
3427325
3431387
3433126
3434012
3438336
3440859
3440992
3442028
3442444
3442958
3445724
3452600
3455522
3456653
3457352
3460443
3464705
3466764
3466827
3467754
3472948
3474288
3474525
3476292
3476493
3477177
3477288
3477417
3477729
3485485
3486152
3486446
3489783
3490459
3512500
3515633
3516304
3517457
3520692
3521787
3522001
3522129
3523329
3523494
3524864
3525236
3525910
3526259
3526501
3526761
3526987
3527037
3527548
3527610
3528364
3528406
3528561
3529348
3529600
3529799
3534091
3534676
3534727
3535201
3535363
3535573
3536617
3537718
3538564
3538979
3542210
3543747
3544923
3545200
3545529
3548280
3549357
3550205
3554235
3554258
3554428
3554620
3555387
3555611
3555641
3556598
3556904
3556985
3557024
3557522
3557831
3557849
3560328
3560648
3561480
3561827
3562091
3562422
3563583
3564968
3567122
3567269
3567971
3572657
3573020
3573155
3573542
3573804
3574027
3575791
3576458
3579948
3580081
3580461
3580784
3580925
3584543
3585379
3585558
3586092
3588152
3589095
3589282
3590613
3595199
3599721
3600556
3601735
3602113
3602448
3602531
3602802
3603390
3603477
3604586
3604929
3604986
3605418
3605424
3606146
3606346
3606654
3606833
3608408
3609563
3610019
3610333
3610647
3610983
3613268
3620597
3621824
3622712
3623686
3625006
3625871
3625999
3626489
3631231
3634803
3635172
3637184
3639042
3642093
3642228
3643517
3644242
3644506
3644684
3645136
3645417
3645635
3646548
3647723
3650691
3651176
3652472
3655151
3655676
3658616
3659389
3659748
3666020
3667278
3667891
3668780
3668882
3670362
3671720
3672588
3673157
3674234
3674803
3675218
3675299
3675734
3677508
3680175
3681480
3681615
3681687
3681725
3682723
3683111
3683122
3683841
3684801
3686915
3687782
3687826
3695343
3697163
3697238
3697998
3698061
3698991
3698997
3700506
3701569
3702789
3703105
3704788
3704857
3704911
3705990
3706122
3707962
3708043
3708127
3708169
3708604
3708688
3710050
3710811
3711018
3711663
3712527
3716380
3716551
3717363
3717506
3717863
3719958
3722807
3723648
3725399
3725444
3729012
3729222
3729290
3730206
3730661
3734226
3735007
3735210
3735477
3737530
3738404
3739373
3742876
3743596
3744102
3744352
3744403
3748361
3750203
3751077
3752708
3752923
3755201
3755266
3755530
3755770
3756092
3756168
3756180
3757558
3757868
3759027
3759546
3760226
3761075
3761327
3765324
3765532
3765909
3766077
3766200
3771511
3771772
3771805
3773394
3774727
3776638
3778820
3778891
3781195
3783937
3785102
3786544
3786554
3787592
3787767
3787896
3787951
3788959
3789764
3791501
3792903
3795456
3795746
3796384
3796651
3801290
3802142
3802694
3804352
3804518
3805957
3807225
3807405
3807711
3809161
3810298
3811437
3813481
3814215
3820812
3821836
3821936
3823717
3823837
3825482
3826097
3826653
3828338
3829380
3831295
3831574
3832539
3833248
3833298
3835096
3835311
3835932
3836084
3837083
3837249
3838057
3838592
3845806
3846162
3846278
3848379
3850263
3853429
3858821
3860434
3860552
3860774
3861828
3863081
3864425
3865946
3866282
3866382
3867078
3867095
3867502
3868122
3868818
3869154
3870492
3872082
3874137
3875366
3876000
3880269
3884294
3884658
3885167
3885774
3886929
3888893
3894834
3895895
3896357
3897443
3897787
3897865
3901171
3901206
3904381
3905446
3907451
3907604
3907697
3909998
3910748
3911408
3911630
3911867
3911906
3912108
3914614
3915214
3917818
3920099
3920540
3920898
3923949
3924399
3925746
3929238
3932951
3933341
3933679
3933868
3934957
3935371
3935572
3935822
3938705
3939635
3939966
3940290
3940555
3940966
3943523
3943753
3944075
3945055
3946046
3948778
3949992
3950390
3950462
3950630
3950870
3950988
3953767
3954424
3955067
3955840
3956818
3957486
3960633
3962222
3963156
3963635
3969681
3971603
3972912
3973594
3975199
3975574
3976135
3976198
3978538
3978871
3980210
3981406
3984128
3984473
3984530
3986772
3990256
3990612
3990738
3991188
3992076
3992589
3993012
3993094
3993568
3993693
3995045
3996266
3996648
3997413
3997997
3998432
3998802
4000710
4002321
4002477
4002957
4003947
4004123
4004401
4006332
4006437
4007284
4009655
4010398
4011719
4013767
4014394
4014524
4015541
4015928
4017236
4017299
4017938
4020060
4020984
4023651
4025886
4027025
4031484
4031817
4032274
4034117
4034141
4034261
4034747
4035037
4035760
4037858
4039578
4039794
4040995
4041321
4041804
4043049
4044068
4045441
4046430
4047845
4048456
4048814
4048961
4049412
4050008
4050516
4051228
4051260
4055239
4059738
4060404
4060835
4061080
4062666
4062744
4063508
4063564
4063612
4067277
4068605
4072172
4073740
4074291
4074305
4074632
4075531
4075797
4081052
4082691
4083075
4084215
4086161
4086678
4086700
4090426
4090912
4092425
4094312
4094324
4094531
4094588
4096746
4098427
4101512
4102071
4102611
4105392
4105950
4106778
4107255
4110938
4115962
4116076
4121455
4121574
4121742
4121895
4122111
4123253
4129333
4129792
4132619
4134181
4134711
4136710
4138934
4139417
4140259
4140329
4140430
4143481
4146918
4147719
4148253
4148436
4148748
4149213
4149450
4150187
4150340
4156168
4158529
4158901
4160891
4161317
4162857
4163607
4163646
4164029
4164413
4164929
4165823
4166104
4167857
4169320
4169382
4172651
4173557
4175894
4178033
4178060
4178856
4183522
4186100
4189234
4189394
4190153
4190753
4191676
4193390
4193482
4193780
4195639
4196407
4201585
4204094
4204629
4205131
4205183
4205555
4206569
4207376
4207670
4207904
4208138
4208255
4208468
4209218
4209623
4210571
4211231
4211267
4211527
4211565
4211590
4215323
4215763
4215797
4216085
4216139
4216295
4217004
4217244
4218205
4218411
4218437
4219562
4222174
4223894
4225285
4225312
4225564
4225997
4229761
4235819
4236303
4236330
4238322
4238671
4240214
4240865
4242931
4243339
4244894
4246594
4248547
4250217
4250877
4251126
4251296
4255126
4256968
4257211
4259005
4259191
4259197
4259296
4261864
4262560
4262899
4264644
4265054
4265519
4267149
4267302
4267434
4267824
4268198
4268978
4271121
4271571
4273029
4273179
4273494
4273615
4273977
4274423
4275133
4275568
4275622
4277383
4278305
4278687
4279564
4282174
4282501
4284216
4284993
4285401
4285964
4287284
4287466
4287560
4287956
4288972
4291452
4291692
4292415
4293164
4294273
4294641
4294920
4296338
4296661
4296694
4297170
4297314
4297472
4297916
4298421
4299152
4299822
4301017
4301253
4301461
4301542
4301550
4304154
4306093
4307263
4308076
4308139
4309332
4311470
4312269
4314674
4315615
4322498
4322730
4323425
4323709
4324944
4326923
4326935
4329015
4330193
4332079
4333228
4337724
4341432
4345430
4345530
4347759
4347858
4348047
4348140
4348907
4350658
4350766
4350808
4350847
4351132
4352355
4353216
4356331
4357686
4358094
4360369
4361458
4362215
4363674
4363695
4363896
4364490
4364625
4364637
4365669
4365973
4366605
4366878
4367184
4367907
4367914
4369114
4369755
4370353
4372222
4372354
4373140
4374573
4375161
4375519
4375690
4375945
4377266
4378032
4381103
4382706
4382784
4383401
4383503
4384188
4385316
4386028
4387623
4388102
4389702
4393098
4395482
4397096
4397525
4397876
4397978
4402903
4403276
4404161
4405121
4405421
4405529
4405545
4405801
4406189
4406937
4407597
4407943
4408095
4408395
4410808
4412253
4413505
4414156
4415114
4415252
4415321
4415852
4419137
4424870
4426502
4426628
4427216
4430811
4431467
4436753
4439467
4442139
4445522
4447442
4450356
4454648
4455730
4457877
4458798
4460937
4461006
4461714
4464667
4464760
4465375
4467802
4469166
4469203
4469977
4470533
4473864
4474607
4475562
4476750
4479101
4479377
4479637
4482110
4482972
4483917
4487345
4489391
4489603
4489765
4490226
4491631
4493522
4493852
4493985
4495497
4496864
4497648
4497788
4498085
4500738
4501384
4504685
4505016
4506390
4507861
4508356
4509041
4509407
4510738
4512537
4514077
4514811
4515933
4516515
4517290
4518712
4521389
4522518
4522642
4523310
4526457
4527395
4529567
4530402
4530499
4530534
4530883
4531867
4532075
4533075
4533183
4533192
4535112
4538384
4538915
4540053
4540242
4544658
4545225
4548699
4548999
4549514
4550153
4551617
4560373
4563959
4565879
4568541
4570286
4570588
4570779
4572702
4574993
4577852
4580048
4582518
4583250
4583593
4585682
4587751
4588418
4589070
4590570
4590894
4591048
4594182
4596114
4596805
4596848
4596921
4597973
4598533
4601725
4602303
4602896
4603105
4604126
4606080
4608081
4614617
4614941
4616872
4617636
4619742
4619859
4619871
4622253
4624304
4624371
4628409
4633748
4633774
4634118
4634491
4634611
4635031
4635070
4636224
4637017
4637212
4637233
4638650
4639804
4640051
4642167
4643587
4643842
4644891
4646226
4652067
4652314
4652799
4652859
4653715
4653815
4653880
4654123
4654450
4655711
4655720
4657498
4661286
4662564
4664124
4664181
4666569
4667399
4667888
4669070
4669941
4669956
4671047
4674692
4674965
4675628
4676558
4677852
4678049
4678366
4678504
4680729
4681073
4682690
4685178
4688754
4689625
4689715
4690629
4693589
4695213
4696781
4701838
4703755
4705515
4707563
4707801
4710293
4715048
4716911
4718967
4719747
4723375
4724679
4724917
4725849
4725864
4726620
4729258
4730722
4730801
4735881
4737091
4737381
4742009
4743930
4744531
4746989
4747136
4747733
4748696
4757997
4759151
4759364
4759959
4760867
4761882
4762893
4763258
4764103
4764730
4764973
4765174
4765381
4766508
4767729
4771040
4771453
4773373
4774817
4776946
4777117
4778265
4778942
4781512
4782890
4783250
4785108
4785507
4785568
4785668
4788670
4789669
4789886
4792159
4793714
4797131
4797203
4797500
4797743
4799682
4799772
4801122
4801251
4803380
4805609
4809481
4810003
4810537
4812021
4819185
4819437
4819498
4821235
4822104
4822158
4824349
4824925
4825039
4828049
4828695
4828896
4829155
4830314
4834553
4834780
4836980
4838893
4840189
4841818
4842477
4843042
4843756
4844581
4846525
4846609
4847497
4850651
4851530
4852993
4853030
4853355
4853424
4854118
4856010
4856549
4856649
4858139
4859386
4859680
4860771
4862414
4863849
4864647
4864732
4866072
4867774
4867825
4868104
4868296
4869523
4869828
4871650
4875215
4875962
4878464
4881609
4883868
4885041
4885970
4886048
4886873
4888787
4888867
4890852
4892559
4893467
4894878
4895197
4895244
4899702
4900910
4903520
4904356
4907400
4908075
4908207
4908454
4909936
4910181
4910343
4911831
4911912
4914952
4916424
4916479
4916626
4916641
4916782
4917766
4917997
4922672
4927567
4929338
4929503
4933016
4934484
4934701
4937742
4942625
4944364
4945250
4949572
4953607
4954108
4954324
4954364
4954979
4955149
4955975
4956564
4959227
4959511
4959957
4961106
4962311
4964102
4964354
4964752
4965025
4965406
4965617
4965802
4966139
4967748
4969275
4969284
4972774
4972800
4972931
4973336
4973549
4975691
4975716
4975733
4975749
4976255
4977383
4978622
4978747
4978775
4983398
4983438
4984333
4984393
4985575
4987743
4987896
4992632
4994726
4994855
4994882
4995506
4995869
4997583
4997687
4999776
5004632
5005008
5005574
5012648
5012875
5017509
5017993
5022631
5023854
5024783
5025889
5026469
5027235
5027265
5028096
5029543
5030262
5031289
5034969
5035158
5035712
5037002
5037047
5037209
5037263
5037512
5038029
5038661
5038906
5040747
5041731
5043441
5043780
5044299
5045707
5049272
5049776
5050339
5051688
5053150
5053159
5055062
5057459
5057468
5059925
5062460
5063848
5065572
5065794
5066975
5067131
5068392
5069937
5072714
5072924
5075472
5075751
5080479
5080576
5080683
5082040
5082340
5082397
5082418
5083048
5085476
5088387
5090594
5091180
5091193
5094281
5094723
5094920
5096877
5098201
5099691
5101933
5103563
5104655
5106894
5109177
5109231
5110581
5111611
5112223
5112501
5112798
5113268
5114025
5114613
5114619
5114877
5114946
5115606
5116829
5116879
5117564
5118878
5120282
5120461
5120520
5121113
5121842
5122566
5130026
5130860
5132463
5133207
5133357
5133526
5138497
5138807
5138960
5139360
5139646
5141719
5141863
5141938
5142109
5142394
5142604
5143144
5143616
5143652
5144048
5144228
5144657
5145984
5146195
5146559
5147454
5149838
5150499
5150611
5152051
5152970
5153231
5155566
5155990
5156148
5157053
5157196
5157883
5158594
5158870
5159023
5159945
5160821
5160914
5163116
5163398
5164849
5165842
5165952
5166051
5166575
5169715
5170159
5170864
5173921
5174225
5175191
5175764
5175875
5177591
5177751
5178054
5178801
5179039
5179099
5179149
5179830
5180306
5181210
5184228
5185281
5185490
5187002
5188760
5190864
5195135
5195256
5195371
5197537
5200419
5210476
5213358
5214433
5214783
5214948
5215095
5217449
5217599
5218049
5220146
5220254
5221861
5221925
5223120
5224667
5224934
5226712
5228819
5228919
5229624
5230340
5230489
